0  -1.8138  -1.0472
1  -1.74125  -1.08909
2  -1.6687  -1.13097
3  -1.59614  -1.17286
4  -1.52359  -1.21475
5  -1.45104  -1.25664
6  -1.37849  -1.29852
7  -1.30594  -1.34041
8  -1.23338  -1.3823
9  -1.16083  -1.42419
10  -1.08828  -1.46608
11  -1.01573  -1.50796
12  -0.943176  -1.54985
13  -0.870624  -1.59174
14  -0.798072  -1.63363
15  -0.72552  -1.67552
16  -0.652968  -1.7174
17  -0.580416  -1.75929
18  -0.507864  -1.80118
19  -0.435312  -1.84307
20  -0.36276  -1.88496
21  -0.290208  -1.92684
22  -0.217656  -1.96873
23  -0.145104  -2.01062
24  -0.072552  -2.05251
25  0  -2.0944
26  0.072552  2.05251
27  0.145104  2.01062
28  0.217656  1.96873
29  0.290208  1.92684
30  0.36276  1.88496
31  0.435312  1.84307
32  0.507864  1.80118
33  0.580416  1.75929
34  0.652968  1.7174
35  0.72552  1.67552
36  0.798072  1.63363
37  0.870624  1.59174
38  0.943176  1.54985
39  1.01573  1.50796
40  1.08828  1.46608
41  1.16083  1.42419
42  1.23338  1.3823
43  1.30594  1.34041
44  1.37849  1.29852
45  1.45104  1.25664
46  1.52359  1.21475
47  1.59614  1.17286
48  1.6687  1.13097
49  1.74125  1.08909
50  -1.8138  -0.963422
51  -1.74125  -1.00531
52  -1.6687  -1.0472
53  -1.59614  -1.08909
54  -1.52359  -1.13097
55  -1.45104  -1.17286
56  -1.37849  -1.21475
57  -1.30594  -1.25664
58  -1.23338  -1.29852
59  -1.16083  -1.34041
60  -1.08828  -1.3823
61  -1.01573  -1.42419
62  -0.943176  -1.46608
63  -0.870624  -1.50796
64  -0.798072  -1.54985
65  -0.72552  -1.59174
66  -0.652968  -1.63363
67  -0.580416  -1.67552
68  -0.507864  -1.7174
69  -0.435312  -1.75929
70  -0.36276  -1.80118
71  -0.290208  -1.84307
72  -0.217656  -1.88496
73  -0.145104  -1.92684
74  -0.072552  -1.96873
75  0  -2.01062
76  0.072552  -2.05251
77  0.145104  -2.0944
78  0.217656  2.05251
79  0.290208  2.01062
80  0.36276  1.96873
81  0.435312  1.92684
82  0.507864  1.88496
83  0.580416  1.84307
84  0.652968  1.80118
85  0.72552  1.75929
86  0.798072  1.7174
87  0.870624  1.67552
88  0.943176  1.63363
89  1.01573  1.59174
90  1.08828  1.54985
91  1.16083  1.50796
92  1.23338  1.46608
93  1.30594  1.42419
94  1.37849  1.3823
95  1.45104  1.34041
96  1.52359  1.29852
97  1.59614  1.25664
98  1.6687  1.21475
99  -1.88635  -0.921534
100  -1.8138  -0.879646
101  -1.74125  -0.921534
102  -1.6687  -0.963422
103  -1.59614  -1.00531
104  -1.52359  -1.0472
105  -1.45104  -1.08909
106  -1.37849  -1.13097
107  -1.30594  -1.17286
108  -1.23338  -1.21475
109  -1.16083  -1.25664
110  -1.08828  -1.29852
111  -1.01573  -1.34041
112  -0.943176  -1.3823
113  -0.870624  -1.42419
114  -0.798072  -1.46608
115  -0.72552  -1.50796
116  -0.652968  -1.54985
117  -0.580416  -1.59174
118  -0.507864  -1.63363
119  -0.435312  -1.67552
120  -0.36276  -1.7174
121  -0.290208  -1.75929
122  -0.217656  -1.80118
123  -0.145104  -1.84307
124  -0.072552  -1.88496
125  0  -1.92684
126  0.072552  -1.96873
127  0.145104  -2.01062
128  0.217656  -2.05251
129  0.290208  -2.0944
130  0.36276  2.05251
131  0.435312  2.01062
132  0.507864  1.96873
133  0.580416  1.92684
134  0.652968  1.88496
135  0.72552  1.84307
136  0.798072  1.80118
137  0.870624  1.75929
138  0.943176  1.7174
139  1.01573  1.67552
140  1.08828  1.63363
141  1.16083  1.59174
142  1.23338  1.54985
143  1.30594  1.50796
144  1.37849  1.46608
145  1.45104  1.42419
146  1.52359  1.3823
147  1.59614  1.34041
148  -1.9589  -0.79587
149  -1.88635  -0.837758
150  -1.8138  -0.79587
151  -1.74125  -0.837758
152  -1.6687  -0.879646
153  -1.59614  -0.921534
154  -1.52359  -0.963422
155  -1.45104  -1.00531
156  -1.37849  -1.0472
157  -1.30594  -1.08909
158  -1.23338  -1.13097
159  -1.16083  -1.17286
160  -1.08828  -1.21475
161  -1.01573  -1.25664
162  -0.943176  -1.29852
163  -0.870624  -1.34041
164  -0.798072  -1.3823
165  -0.72552  -1.42419
166  -0.652968  -1.46608
167  -0.580416  -1.50796
168  -0.507864  -1.54985
169  -0.435312  -1.59174
170  -0.36276  -1.63363
171  -0.290208  -1.67552
172  -0.217656  -1.7174
173  -0.145104  -1.75929
174  -0.072552  -1.80118
175  0  -1.84307
176  0.072552  -1.88496
177  0.145104  -1.92684
178  0.217656  -1.96873
179  0.290208  -2.01062
180  0.36276  -2.05251
181  0.435312  -2.0944
182  0.507864  2.05251
183  0.580416  2.01062
184  0.652968  1.96873
185  0.72552  1.92684
186  0.798072  1.88496
187  0.870624  1.84307
188  0.943176  1.80118
189  1.01573  1.75929
190  1.08828  1.7174
191  1.16083  1.67552
192  1.23338  1.63363
193  1.30594  1.59174
194  1.37849  1.54985
195  1.45104  1.50796
196  1.52359  1.46608
197  -2.03146  -0.670206
198  -1.9589  -0.712094
199  -1.88635  -0.753982
200  -1.8138  -0.712094
201  -1.74125  -0.753982
202  -1.6687  -0.79587
203  -1.59614  -0.837758
204  -1.52359  -0.879646
205  -1.45104  -0.921534
206  -1.37849  -0.963422
207  -1.30594  -1.00531
208  -1.23338  -1.0472
209  -1.16083  -1.08909
210  -1.08828  -1.13097
211  -1.01573  -1.17286
212  -0.943176  -1.21475
213  -0.870624  -1.25664
214  -0.798072  -1.29852
215  -0.72552  -1.34041
216  -0.652968  -1.3823
217  -0.580416  -1.42419
218  -0.507864  -1.46608
219  -0.435312  -1.50796
220  -0.36276  -1.54985
221  -0.290208  -1.59174
222  -0.217656  -1.63363
223  -0.145104  -1.67552
224  -0.072552  -1.7174
225  0  -1.75929
226  0.072552  -1.80118
227  0.145104  -1.84307
228  0.217656  -1.88496
229  0.290208  -1.92684
230  0.36276  -1.96873
231  0.435312  -2.01062
232  0.507864  -2.05251
233  0.580416  -2.0944
234  0.652968  2.05251
235  0.72552  2.01062
236  0.798072  1.96873
237  0.870624  1.92684
238  0.943176  1.88496
239  1.01573  1.84307
240  1.08828  1.80118
241  1.16083  1.75929
242  1.23338  1.7174
243  1.30594  1.67552
244  1.37849  1.63363
245  1.45104  1.59174
246  -2.10401  -0.544543
247  -2.03146  -0.586431
248  -1.9589  -0.628319
249  -1.88635  -0.670206
250  -1.8138  -0.628319
251  -1.74125  -0.670206
252  -1.6687  -0.712094
253  -1.59614  -0.753982
254  -1.52359  -0.79587
255  -1.45104  -0.837758
256  -1.37849  -0.879646
257  -1.30594  -0.921534
258  -1.23338  -0.963422
259  -1.16083  -1.00531
260  -1.08828  -1.0472
261  -1.01573  -1.08909
262  -0.943176  -1.13097
263  -0.870624  -1.17286
264  -0.798072  -1.21475
265  -0.72552  -1.25664
266  -0.652968  -1.29852
267  -0.580416  -1.34041
268  -0.507864  -1.3823
269  -0.435312  -1.42419
270  -0.36276  -1.46608
271  -0.290208  -1.50796
272  -0.217656  -1.54985
273  -0.145104  -1.59174
274  -0.072552  -1.63363
275  0  -1.67552
276  0.072552  -1.7174
277  0.145104  -1.75929
278  0.217656  -1.80118
279  0.290208  -1.84307
280  0.36276  -1.88496
281  0.435312  -1.92684
282  0.507864  -1.96873
283  0.580416  -2.01062
284  0.652968  -2.05251
285  0.72552  -2.0944
286  0.798072  2.05251
287  0.870624  2.01062
288  0.943176  1.96873
289  1.01573  1.92684
290  1.08828  1.88496
291  1.16083  1.84307
292  1.23338  1.80118
293  1.30594  1.75929
294  1.37849  1.7174
295  -2.17656  -0.418879
296  -2.10401  -0.460767
297  -2.03146  -0.502655
298  -1.9589  -0.544543
299  -1.88635  -0.586431
300  -1.8138  -0.544543
301  -1.74125  -0.586431
302  -1.6687  -0.628319
303  -1.59614  -0.670206
304  -1.52359  -0.712094
305  -1.45104  -0.753982
306  -1.37849  -0.79587
307  -1.30594  -0.837758
308  -1.23338  -0.879646
309  -1.16083  -0.921534
310  -1.08828  -0.963422
311  -1.01573  -1.00531
312  -0.943176  -1.0472
313  -0.870624  -1.08909
314  -0.798072  -1.13097
315  -0.72552  -1.17286
316  -0.652968  -1.21475
317  -0.580416  -1.25664
318  -0.507864  -1.29852
319  -0.435312  -1.34041
320  -0.36276  -1.3823
321  -0.290208  -1.42419
322  -0.217656  -1.46608
323  -0.145104  -1.50796
324  -0.072552  -1.54985
325  0  -1.59174
326  0.072552  -1.63363
327  0.145104  -1.67552
328  0.217656  -1.7174
329  0.290208  -1.75929
330  0.36276  -1.80118
331  0.435312  -1.84307
332  0.507864  -1.88496
333  0.580416  -1.92684
334  0.652968  -1.96873
335  0.72552  -2.01062
336  0.798072  -2.05251
337  0.870624  -2.0944
338  0.943176  2.05251
339  1.01573  2.01062
340  1.08828  1.96873
341  1.16083  1.92684
342  1.23338  1.88496
343  1.30594  1.84307
344  -2.24911  -0.293215
345  -2.17656  -0.335103
346  -2.10401  -0.376991
347  -2.03146  -0.418879
348  -1.9589  -0.460767
349  -1.88635  -0.502655
350  -1.8138  -0.460767
351  -1.74125  -0.502655
352  -1.6687  -0.544543
353  -1.59614  -0.586431
354  -1.52359  -0.628319
355  -1.45104  -0.670206
356  -1.37849  -0.712094
357  -1.30594  -0.753982
358  -1.23338  -0.79587
359  -1.16083  -0.837758
360  -1.08828  -0.879646
361  -1.01573  -0.921534
362  -0.943176  -0.963422
363  -0.870624  -1.00531
364  -0.798072  -1.0472
365  -0.72552  -1.08909
366  -0.652968  -1.13097
367  -0.580416  -1.17286
368  -0.507864  -1.21475
369  -0.435312  -1.25664
370  -0.36276  -1.29852
371  -0.290208  -1.34041
372  -0.217656  -1.3823
373  -0.145104  -1.42419
374  -0.072552  -1.46608
375  0  -1.50796
376  0.072552  -1.54985
377  0.145104  -1.59174
378  0.217656  -1.63363
379  0.290208  -1.67552
380  0.36276  -1.7174
381  0.435312  -1.75929
382  0.507864  -1.80118
383  0.580416  -1.84307
384  0.652968  -1.88496
385  0.72552  -1.92684
386  0.798072  -1.96873
387  0.870624  -2.01062
388  0.943176  -2.05251
389  1.01573  -2.0944
390  1.08828  2.05251
391  1.16083  2.01062
392  1.23338  1.96873
393  -2.32166  -0.167552
394  -2.24911  -0.20944
395  -2.17656  -0.251327
396  -2.10401  -0.293215
397  -2.03146  -0.335103
398  -1.9589  -0.376991
399  -1.88635  -0.418879
400  -1.8138  -0.376991
401  -1.74125  -0.418879
402  -1.6687  -0.460767
403  -1.59614  -0.502655
404  -1.52359  -0.544543
405  -1.45104  -0.586431
406  -1.37849  -0.628319
407  -1.30594  -0.670206
408  -1.23338  -0.712094
409  -1.16083  -0.753982
410  -1.08828  -0.79587
411  -1.01573  -0.837758
412  -0.943176  -0.879646
413  -0.870624  -0.921534
414  -0.798072  -0.963422
415  -0.72552  -1.00531
416  -0.652968  -1.0472
417  -0.580416  -1.08909
418  -0.507864  -1.13097
419  -0.435312  -1.17286
420  -0.36276  -1.21475
421  -0.290208  -1.25664
422  -0.217656  -1.29852
423  -0.145104  -1.34041
424  -0.072552  -1.3823
425  0  -1.42419
426  0.072552  -1.46608
427  0.145104  -1.50796
428  0.217656  -1.54985
429  0.290208  -1.59174
430  0.36276  -1.63363
431  0.435312  -1.67552
432  0.507864  -1.7174
433  0.580416  -1.75929
434  0.652968  -1.80118
435  0.72552  -1.84307
436  0.798072  -1.88496
437  0.870624  -1.92684
438  0.943176  -1.96873
439  1.01573  -2.01062
440  1.08828  -2.05251
441  1.16083  -2.0944
442  -2.39422  -0.0418879
443  -2.32166  -0.0837758
444  -2.24911  -0.125664
445  -2.17656  -0.167552
446  -2.10401  -0.20944
447  -2.03146  -0.251327
448  -1.9589  -0.293215
449  -1.88635  -0.335103
450  -1.8138  -0.293215
451  -1.74125  -0.335103
452  -1.6687  -0.376991
453  -1.59614  -0.418879
454  -1.52359  -0.460767
455  -1.45104  -0.502655
456  -1.37849  -0.544543
457  -1.30594  -0.586431
458  -1.23338  -0.628319
459  -1.16083  -0.670206
460  -1.08828  -0.712094
461  -1.01573  -0.753982
462  -0.943176  -0.79587
463  -0.870624  -0.837758
464  -0.798072  -0.879646
465  -0.72552  -0.921534
466  -0.652968  -0.963422
467  -0.580416  -1.00531
468  -0.507864  -1.0472
469  -0.435312  -1.08909
470  -0.36276  -1.13097
471  -0.290208  -1.17286
472  -0.217656  -1.21475
473  -0.145104  -1.25664
474  -0.072552  -1.29852
475  0  -1.34041
476  0.072552  -1.3823
477  0.145104  -1.42419
478  0.217656  -1.46608
479  0.290208  -1.50796
480  0.36276  -1.54985
481  0.435312  -1.59174
482  0.507864  -1.63363
483  0.580416  -1.67552
484  0.652968  -1.7174
485  0.72552  -1.75929
486  0.798072  -1.80118
487  0.870624  -1.84307
488  0.943176  -1.88496
489  1.01573  -1.92684
490  1.08828  -1.96873
491  1.16083  -2.01062
492  1.23338  -2.05251
493  -2.32166  0
494  -2.24911  -0.0418879
495  -2.17656  -0.0837758
496  -2.10401  -0.125664
497  -2.03146  -0.167552
498  -1.9589  -0.20944
499  -1.88635  -0.251327
500  -1.8138  -0.20944
501  -1.74125  -0.251327
502  -1.6687  -0.293215
503  -1.59614  -0.335103
504  -1.52359  -0.376991
505  -1.45104  -0.418879
506  -1.37849  -0.460767
507  -1.30594  -0.502655
508  -1.23338  -0.544543
509  -1.16083  -0.586431
510  -1.08828  -0.628319
511  -1.01573  -0.670206
512  -0.943176  -0.712094
513  -0.870624  -0.753982
514  -0.798072  -0.79587
515  -0.72552  -0.837758
516  -0.652968  -0.879646
517  -0.580416  -0.921534
518  -0.507864  -0.963422
519  -0.435312  -1.00531
520  -0.36276  -1.0472
521  -0.290208  -1.08909
522  -0.217656  -1.13097
523  -0.145104  -1.17286
524  -0.072552  -1.21475
525  0  -1.25664
526  0.072552  -1.29852
527  0.145104  -1.34041
528  0.217656  -1.3823
529  0.290208  -1.42419
530  0.36276  -1.46608
531  0.435312  -1.50796
532  0.507864  -1.54985
533  0.580416  -1.59174
534  0.652968  -1.63363
535  0.72552  -1.67552
536  0.798072  -1.7174
537  0.870624  -1.75929
538  0.943176  -1.80118
539  1.01573  -1.84307
540  1.08828  -1.88496
541  1.16083  -1.92684
542  1.23338  -1.96873
543  -2.32166  0.0837758
544  -2.24911  0.0418879
545  -2.17656  0
546  -2.10401  -0.0418879
547  -2.03146  -0.0837758
548  -1.9589  -0.125664
549  -1.88635  -0.167552
550  -1.8138  -0.125664
551  -1.74125  -0.167552
552  -1.6687  -0.20944
553  -1.59614  -0.251327
554  -1.52359  -0.293215
555  -1.45104  -0.335103
556  -1.37849  -0.376991
557  -1.30594  -0.418879
558  -1.23338  -0.460767
559  -1.16083  -0.502655
560  -1.08828  -0.544543
561  -1.01573  -0.586431
562  -0.943176  -0.628319
563  -0.870624  -0.670206
564  -0.798072  -0.712094
565  -0.72552  -0.753982
566  -0.652968  -0.79587
567  -0.580416  -0.837758
568  -0.507864  -0.879646
569  -0.435312  -0.921534
570  -0.36276  -0.963422
571  -0.290208  -1.00531
572  -0.217656  -1.0472
573  -0.145104  -1.08909
574  -0.072552  -1.13097
575  0  -1.17286
576  0.072552  -1.21475
577  0.145104  -1.25664
578  0.217656  -1.29852
579  0.290208  -1.34041
580  0.36276  -1.3823
581  0.435312  -1.42419
582  0.507864  -1.46608
583  0.580416  -1.50796
584  0.652968  -1.54985
585  0.72552  -1.59174
586  0.798072  -1.63363
587  0.870624  -1.67552
588  0.943176  -1.7174
589  1.01573  -1.75929
590  1.08828  -1.80118
591  1.16083  -1.84307
592  1.23338  -1.88496
593  1.30594  -1.92684
594  -2.24911  0.125664
595  -2.17656  0.0837758
596  -2.10401  0.0418879
597  -2.03146  -4.44089e-16
598  -1.9589  -0.0418879
599  -1.88635  -0.0837758
600  -1.8138  -0.0418879
601  -1.74125  -0.0837758
602  -1.6687  -0.125664
603  -1.59614  -0.167552
604  -1.52359  -0.20944
605  -1.45104  -0.251327
606  -1.37849  -0.293215
607  -1.30594  -0.335103
608  -1.23338  -0.376991
609  -1.16083  -0.418879
610  -1.08828  -0.460767
611  -1.01573  -0.502655
612  -0.943176  -0.544543
613  -0.870624  -0.586431
614  -0.798072  -0.628319
615  -0.72552  -0.670206
616  -0.652968  -0.712094
617  -0.580416  -0.753982
618  -0.507864  -0.79587
619  -0.435312  -0.837758
620  -0.36276  -0.879646
621  -0.290208  -0.921534
622  -0.217656  -0.963422
623  -0.145104  -1.00531
624  -0.072552  -1.0472
625  0  -1.08909
626  0.072552  -1.13097
627  0.145104  -1.17286
628  0.217656  -1.21475
629  0.290208  -1.25664
630  0.36276  -1.29852
631  0.435312  -1.34041
632  0.507864  -1.3823
633  0.580416  -1.42419
634  0.652968  -1.46608
635  0.72552  -1.50796
636  0.798072  -1.54985
637  0.870624  -1.59174
638  0.943176  -1.63363
639  1.01573  -1.67552
640  1.08828  -1.7174
641  1.16083  -1.75929
642  1.23338  -1.80118
643  1.30594  -1.84307
644  -2.24911  0.20944
645  -2.17656  0.167552
646  -2.10401  0.125664
647  -2.03146  0.0837758
648  -1.9589  0.0418879
649  -1.88635  0
650  -1.8138  0.0418879
651  -1.74125  0
652  -1.6687  -0.0418879
653  -1.59614  -0.0837758
654  -1.52359  -0.125664
655  -1.45104  -0.167552
656  -1.37849  -0.20944
657  -1.30594  -0.251327
658  -1.23338  -0.293215
659  -1.16083  -0.335103
660  -1.08828  -0.376991
661  -1.01573  -0.418879
662  -0.943176  -0.460767
663  -0.870624  -0.502655
664  -0.798072  -0.544543
665  -0.72552  -0.586431
666  -0.652968  -0.628319
667  -0.580416  -0.670206
668  -0.507864  -0.712094
669  -0.435312  -0.753982
670  -0.36276  -0.79587
671  -0.290208  -0.837758
672  -0.217656  -0.879646
673  -0.145104  -0.921534
674  -0.072552  -0.963422
675  0  -1.00531
676  0.072552  -1.0472
677  0.145104  -1.08909
678  0.217656  -1.13097
679  0.290208  -1.17286
680  0.36276  -1.21475
681  0.435312  -1.25664
682  0.507864  -1.29852
683  0.580416  -1.34041
684  0.652968  -1.3823
685  0.72552  -1.42419
686  0.798072  -1.46608
687  0.870624  -1.50796
688  0.943176  -1.54985
689  1.01573  -1.59174
690  1.08828  -1.63363
691  1.16083  -1.67552
692  1.23338  -1.7174
693  1.30594  -1.75929
694  1.37849  -1.80118
695  -2.17656  0.251327
696  -2.10401  0.20944
697  -2.03146  0.167552
698  -1.9589  0.125664
699  -1.88635  0.0837758
700  -1.8138  0.125664
701  -1.74125  0.0837758
702  -1.6687  0.0418879
703  -1.59614  0
704  -1.52359  -0.0418879
705  -1.45104  -0.0837758
706  -1.37849  -0.125664
707  -1.30594  -0.167552
708  -1.23338  -0.20944
709  -1.16083  -0.251327
710  -1.08828  -0.293215
711  -1.01573  -0.335103
712  -0.943176  -0.376991
713  -0.870624  -0.418879
714  -0.798072  -0.460767
715  -0.72552  -0.502655
716  -0.652968  -0.544543
717  -0.580416  -0.586431
718  -0.507864  -0.628319
719  -0.435312  -0.670206
720  -0.36276  -0.712094
721  -0.290208  -0.753982
722  -0.217656  -0.79587
723  -0.145104  -0.837758
724  -0.072552  -0.879646
725  0  -0.921534
726  0.072552  -0.963422
727  0.145104  -1.00531
728  0.217656  -1.0472
729  0.290208  -1.08909
730  0.36276  -1.13097
731  0.435312  -1.17286
732  0.507864  -1.21475
733  0.580416  -1.25664
734  0.652968  -1.29852
735  0.72552  -1.34041
736  0.798072  -1.3823
737  0.870624  -1.42419
738  0.943176  -1.46608
739  1.01573  -1.50796
740  1.08828  -1.54985
741  1.16083  -1.59174
742  1.23338  -1.63363
743  1.30594  -1.67552
744  1.37849  -1.7174
745  -2.17656  0.335103
746  -2.10401  0.293215
747  -2.03146  0.251327
748  -1.9589  0.20944
749  -1.88635  0.167552
750  -1.8138  0.20944
751  -1.74125  0.167552
752  -1.6687  0.125664
753  -1.59614  0.0837758
754  -1.52359  0.0418879
755  -1.45104  0
756  -1.37849  -0.0418879
757  -1.30594  -0.0837758
758  -1.23338  -0.125664
759  -1.16083  -0.167552
760  -1.08828  -0.20944
761  -1.01573  -0.251327
762  -0.943176  -0.293215
763  -0.870624  -0.335103
764  -0.798072  -0.376991
765  -0.72552  -0.418879
766  -0.652968  -0.460767
767  -0.580416  -0.502655
768  -0.507864  -0.544543
769  -0.435312  -0.586431
770  -0.36276  -0.628319
771  -0.290208  -0.670206
772  -0.217656  -0.712094
773  -0.145104  -0.753982
774  -0.072552  -0.79587
775  0  -0.837758
776  0.072552  -0.879646
777  0.145104  -0.921534
778  0.217656  -0.963422
779  0.290208  -1.00531
780  0.36276  -1.0472
781  0.435312  -1.08909
782  0.507864  -1.13097
783  0.580416  -1.17286
784  0.652968  -1.21475
785  0.72552  -1.25664
786  0.798072  -1.29852
787  0.870624  -1.34041
788  0.943176  -1.3823
789  1.01573  -1.42419
790  1.08828  -1.46608
791  1.16083  -1.50796
792  1.23338  -1.54985
793  1.30594  -1.59174
794  1.37849  -1.63363
795  1.45104  -1.67552
796  -2.10401  0.376991
797  -2.03146  0.335103
798  -1.9589  0.293215
799  -1.88635  0.251327
800  -1.8138  0.293215
801  -1.74125  0.251327
802  -1.6687  0.20944
803  -1.59614  0.167552
804  -1.52359  0.125664
805  -1.45104  0.0837758
806  -1.37849  0.0418879
807  -1.30594  0
808  -1.23338  -0.0418879
809  -1.16083  -0.0837758
810  -1.08828  -0.125664
811  -1.01573  -0.167552
812  -0.943176  -0.20944
813  -0.870624  -0.251327
814  -0.798072  -0.293215
815  -0.72552  -0.335103
816  -0.652968  -0.376991
817  -0.580416  -0.418879
818  -0.507864  -0.460767
819  -0.435312  -0.502655
820  -0.36276  -0.544543
821  -0.290208  -0.586431
822  -0.217656  -0.628319
823  -0.145104  -0.670206
824  -0.072552  -0.712094
825  0  -0.753982
826  0.072552  -0.79587
827  0.145104  -0.837758
828  0.217656  -0.879646
829  0.290208  -0.921534
830  0.36276  -0.963422
831  0.435312  -1.00531
832  0.507864  -1.0472
833  0.580416  -1.08909
834  0.652968  -1.13097
835  0.72552  -1.17286
836  0.798072  -1.21475
837  0.870624  -1.25664
838  0.943176  -1.29852
839  1.01573  -1.34041
840  1.08828  -1.3823
841  1.16083  -1.42419
842  1.23338  -1.46608
843  1.30594  -1.50796
844  1.37849  -1.54985
845  1.45104  -1.59174
846  -2.10401  0.460767
847  -2.03146  0.418879
848  -1.9589  0.376991
849  -1.88635  0.335103
850  -1.8138  0.376991
851  -1.74125  0.335103
852  -1.6687  0.293215
853  -1.59614  0.251327
854  -1.52359  0.20944
855  -1.45104  0.167552
856  -1.37849  0.125664
857  -1.30594  0.0837758
858  -1.23338  0.0418879
859  -1.16083  0
860  -1.08828  -0.0418879
861  -1.01573  -0.0837758
862  -0.943176  -0.125664
863  -0.870624  -0.167552
864  -0.798072  -0.20944
865  -0.72552  -0.251327
866  -0.652968  -0.293215
867  -0.580416  -0.335103
868  -0.507864  -0.376991
869  -0.435312  -0.418879
870  -0.36276  -0.460767
871  -0.290208  -0.502655
872  -0.217656  -0.544543
873  -0.145104  -0.586431
874  -0.072552  -0.628319
875  0  -0.670206
876  0.072552  -0.712094
877  0.145104  -0.753982
878  0.217656  -0.79587
879  0.290208  -0.837758
880  0.36276  -0.879646
881  0.435312  -0.921534
882  0.507864  -0.963422
883  0.580416  -1.00531
884  0.652968  -1.0472
885  0.72552  -1.08909
886  0.798072  -1.13097
887  0.870624  -1.17286
888  0.943176  -1.21475
889  1.01573  -1.25664
890  1.08828  -1.29852
891  1.16083  -1.34041
892  1.23338  -1.3823
893  1.30594  -1.42419
894  1.37849  -1.46608
895  1.45104  -1.50796
896  1.52359  -1.54985
897  -2.03146  0.502655
898  -1.9589  0.460767
899  -1.88635  0.418879
900  -1.8138  0.460767
901  -1.74125  0.418879
902  -1.6687  0.376991
903  -1.59614  0.335103
904  -1.52359  0.293215
905  -1.45104  0.251327
906  -1.37849  0.20944
907  -1.30594  0.167552
908  -1.23338  0.125664
909  -1.16083  0.0837758
910  -1.08828  0.0418879
911  -1.01573  0
912  -0.943176  -0.0418879
913  -0.870624  -0.0837758
914  -0.798072  -0.125664
915  -0.72552  -0.167552
916  -0.652968  -0.20944
917  -0.580416  -0.251327
918  -0.507864  -0.293215
919  -0.435312  -0.335103
920  -0.36276  -0.376991
921  -0.290208  -0.418879
922  -0.217656  -0.460767
923  -0.145104  -0.502655
924  -0.072552  -0.544543
925  0  -0.586431
926  0.072552  -0.628319
927  0.145104  -0.670206
928  0.217656  -0.712094
929  0.290208  -0.753982
930  0.36276  -0.79587
931  0.435312  -0.837758
932  0.507864  -0.879646
933  0.580416  -0.921534
934  0.652968  -0.963422
935  0.72552  -1.00531
936  0.798072  -1.0472
937  0.870624  -1.08909
938  0.943176  -1.13097
939  1.01573  -1.17286
940  1.08828  -1.21475
941  1.16083  -1.25664
942  1.23338  -1.29852
943  1.30594  -1.34041
944  1.37849  -1.3823
945  1.45104  -1.42419
946  1.52359  -1.46608
947  -2.03146  0.586431
948  -1.9589  0.544543
949  -1.88635  0.502655
950  -1.8138  0.544543
951  -1.74125  0.502655
952  -1.6687  0.460767
953  -1.59614  0.418879
954  -1.52359  0.376991
955  -1.45104  0.335103
956  -1.37849  0.293215
957  -1.30594  0.251327
958  -1.23338  0.20944
959  -1.16083  0.167552
960  -1.08828  0.125664
961  -1.01573  0.0837758
962  -0.943176  0.0418879
963  -0.870624  0
964  -0.798072  -0.0418879
965  -0.72552  -0.0837758
966  -0.652968  -0.125664
967  -0.580416  -0.167552
968  -0.507864  -0.20944
969  -0.435312  -0.251327
970  -0.36276  -0.293215
971  -0.290208  -0.335103
972  -0.217656  -0.376991
973  -0.145104  -0.418879
974  -0.072552  -0.460767
975  0  -0.502655
976  0.072552  -0.544543
977  0.145104  -0.586431
978  0.217656  -0.628319
979  0.290208  -0.670206
980  0.36276  -0.712094
981  0.435312  -0.753982
982  0.507864  -0.79587
983  0.580416  -0.837758
984  0.652968  -0.879646
985  0.72552  -0.921534
986  0.798072  -0.963422
987  0.870624  -1.00531
988  0.943176  -1.0472
989  1.01573  -1.08909
990  1.08828  -1.13097
991  1.16083  -1.17286
992  1.23338  -1.21475
993  1.30594  -1.25664
994  1.37849  -1.29852
995  1.45104  -1.34041
996  1.52359  -1.3823
997  1.59614  -1.42419
998  -1.9589  0.628319
999  -1.88635  0.586431
1000  -1.8138  0.628319
1001  -1.74125  0.586431
1002  -1.6687  0.544543
1003  -1.59614  0.502655
1004  -1.52359  0.460767
1005  -1.45104  0.418879
1006  -1.37849  0.376991
1007  -1.30594  0.335103
1008  -1.23338  0.293215
1009  -1.16083  0.251327
1010  -1.08828  0.20944
1011  -1.01573  0.167552
1012  -0.943176  0.125664
1013  -0.870624  0.0837758
1014  -0.798072  0.0418879
1015  -0.72552  0
1016  -0.652968  -0.0418879
1017  -0.580416  -0.0837758
1018  -0.507864  -0.125664
1019  -0.435312  -0.167552
1020  -0.36276  -0.20944
1021  -0.290208  -0.251327
1022  -0.217656  -0.293215
1023  -0.145104  -0.335103
1024  -0.072552  -0.376991
1025  0  -0.418879
1026  0.072552  -0.460767
1027  0.145104  -0.502655
1028  0.217656  -0.544543
1029  0.290208  -0.586431
1030  0.36276  -0.628319
1031  0.435312  -0.670206
1032  0.507864  -0.712094
1033  0.580416  -0.753982
1034  0.652968  -0.79587
1035  0.72552  -0.837758
1036  0.798072  -0.879646
1037  0.870624  -0.921534
1038  0.943176  -0.963422
1039  1.01573  -1.00531
1040  1.08828  -1.0472
1041  1.16083  -1.08909
1042  1.23338  -1.13097
1043  1.30594  -1.17286
1044  1.37849  -1.21475
1045  1.45104  -1.25664
1046  1.52359  -1.29852
1047  1.59614  -1.34041
1048  -1.9589  0.712094
1049  -1.88635  0.670206
1050  -1.8138  0.712094
1051  -1.74125  0.670206
1052  -1.6687  0.628319
1053  -1.59614  0.586431
1054  -1.52359  0.544543
1055  -1.45104  0.502655
1056  -1.37849  0.460767
1057  -1.30594  0.418879
1058  -1.23338  0.376991
1059  -1.16083  0.335103
1060  -1.08828  0.293215
1061  -1.01573  0.251327
1062  -0.943176  0.20944
1063  -0.870624  0.167552
1064  -0.798072  0.125664
1065  -0.72552  0.0837758
1066  -0.652968  0.0418879
1067  -0.580416  0
1068  -0.507864  -0.0418879
1069  -0.435312  -0.0837758
1070  -0.36276  -0.125664
1071  -0.290208  -0.167552
1072  -0.217656  -0.20944
1073  -0.145104  -0.251327
1074  -0.072552  -0.293215
1075  0  -0.335103
1076  0.072552  -0.376991
1077  0.145104  -0.418879
1078  0.217656  -0.460767
1079  0.290208  -0.502655
1080  0.36276  -0.544543
1081  0.435312  -0.586431
1082  0.507864  -0.628319
1083  0.580416  -0.670206
1084  0.652968  -0.712094
1085  0.72552  -0.753982
1086  0.798072  -0.79587
1087  0.870624  -0.837758
1088  0.943176  -0.879646
1089  1.01573  -0.921534
1090  1.08828  -0.963422
1091  1.16083  -1.00531
1092  1.23338  -1.0472
1093  1.30594  -1.08909
1094  1.37849  -1.13097
1095  1.45104  -1.17286
1096  1.52359  -1.21475
1097  1.59614  -1.25664
1098  1.6687  -1.29852
1099  -1.88635  0.753982
1100  -1.8138  0.79587
1101  -1.74125  0.753982
1102  -1.6687  0.712094
1103  -1.59614  0.670206
1104  -1.52359  0.628319
1105  -1.45104  0.586431
1106  -1.37849  0.544543
1107  -1.30594  0.502655
1108  -1.23338  0.460767
1109  -1.16083  0.418879
1110  -1.08828  0.376991
1111  -1.01573  0.335103
1112  -0.943176  0.293215
1113  -0.870624  0.251327
1114  -0.798072  0.20944
1115  -0.72552  0.167552
1116  -0.652968  0.125664
1117  -0.580416  0.0837758
1118  -0.507864  0.0418879
1119  -0.435312  0
1120  -0.36276  -0.0418879
1121  -0.290208  -0.0837758
1122  -0.217656  -0.125664
1123  -0.145104  -0.167552
1124  -0.072552  -0.20944
1125  0  -0.251327
1126  0.072552  -0.293215
1127  0.145104  -0.335103
1128  0.217656  -0.376991
1129  0.290208  -0.418879
1130  0.36276  -0.460767
1131  0.435312  -0.502655
1132  0.507864  -0.544543
1133  0.580416  -0.586431
1134  0.652968  -0.628319
1135  0.72552  -0.670206
1136  0.798072  -0.712094
1137  0.870624  -0.753982
1138  0.943176  -0.79587
1139  1.01573  -0.837758
1140  1.08828  -0.879646
1141  1.16083  -0.921534
1142  1.23338  -0.963422
1143  1.30594  -1.00531
1144  1.37849  -1.0472
1145  1.45104  -1.08909
1146  1.52359  -1.13097
1147  1.59614  -1.17286
1148  1.6687  -1.21475
1149  -1.88635  0.837758
1150  -1.8138  0.879646
1151  -1.74125  0.837758
1152  -1.6687  0.79587
1153  -1.59614  0.753982
1154  -1.52359  0.712094
1155  -1.45104  0.670206
1156  -1.37849  0.628319
1157  -1.30594  0.586431
1158  -1.23338  0.544543
1159  -1.16083  0.502655
1160  -1.08828  0.460767
1161  -1.01573  0.418879
1162  -0.943176  0.376991
1163  -0.870624  0.335103
1164  -0.798072  0.293215
1165  -0.72552  0.251327
1166  -0.652968  0.20944
1167  -0.580416  0.167552
1168  -0.507864  0.125664
1169  -0.435312  0.0837758
1170  -0.36276  0.0418879
1171  -0.290208  0
1172  -0.217656  -0.0418879
1173  -0.145104  -0.0837758
1174  -0.072552  -0.125664
1175  0  -0.167552
1176  0.072552  -0.20944
1177  0.145104  -0.251327
1178  0.217656  -0.293215
1179  0.290208  -0.335103
1180  0.36276  -0.376991
1181  0.435312  -0.418879
1182  0.507864  -0.460767
1183  0.580416  -0.502655
1184  0.652968  -0.544543
1185  0.72552  -0.586431
1186  0.798072  -0.628319
1187  0.870624  -0.670206
1188  0.943176  -0.712094
1189  1.01573  -0.753982
1190  1.08828  -0.79587
1191  1.16083  -0.837758
1192  1.23338  -0.879646
1193  1.30594  -0.921534
1194  1.37849  -0.963422
1195  1.45104  -1.00531
1196  1.52359  -1.0472
1197  1.59614  -1.08909
1198  1.6687  -1.13097
1199  1.74125  -1.17286
1200  -1.8138  0.963422
1201  -1.74125  0.921534
1202  -1.6687  0.879646
1203  -1.59614  0.837758
1204  -1.52359  0.79587
1205  -1.45104  0.753982
1206  -1.37849  0.712094
1207  -1.30594  0.670206
1208  -1.23338  0.628319
1209  -1.16083  0.586431
1210  -1.08828  0.544543
1211  -1.01573  0.502655
1212  -0.943176  0.460767
1213  -0.870624  0.418879
1214  -0.798072  0.376991
1215  -0.72552  0.335103
1216  -0.652968  0.293215
1217  -0.580416  0.251327
1218  -0.507864  0.20944
1219  -0.435312  0.167552
1220  -0.36276  0.125664
1221  -0.290208  0.0837758
1222  -0.217656  0.0418879
1223  -0.145104  0
1224  -0.072552  -0.0418879
1225  0  -0.0837758
1226  0.072552  -0.125664
1227  0.145104  -0.167552
1228  0.217656  -0.20944
1229  0.290208  -0.251327
1230  0.36276  -0.293215
1231  0.435312  -0.335103
1232  0.507864  -0.376991
1233  0.580416  -0.418879
1234  0.652968  -0.460767
1235  0.72552  -0.502655
1236  0.798072  -0.544543
1237  0.870624  -0.586431
1238  0.943176  -0.628319
1239  1.01573  -0.670206
1240  1.08828  -0.712094
1241  1.16083  -0.753982
1242  1.23338  -0.79587
1243  1.30594  -0.837758
1244  1.37849  -0.879646
1245  1.45104  -0.921534
1246  1.52359  -0.963422
1247  1.59614  -1.00531
1248  1.6687  -1.0472
1249  1.74125  -1.08909
1250  -1.8138  1.0472
1251  -1.74125  1.00531
1252  -1.6687  0.963422
1253  -1.59614  0.921534
1254  -1.52359  0.879646
1255  -1.45104  0.837758
1256  -1.37849  0.79587
1257  -1.30594  0.753982
1258  -1.23338  0.712094
1259  -1.16083  0.670206
1260  -1.08828  0.628319
1261  -1.01573  0.586431
1262  -0.943176  0.544543
1263  -0.870624  0.502655
1264  -0.798072  0.460767
1265  -0.72552  0.418879
1266  -0.652968  0.376991
1267  -0.580416  0.335103
1268  -0.507864  0.293215
1269  -0.435312  0.251327
1270  -0.36276  0.20944
1271  -0.290208  0.167552
1272  -0.217656  0.125664
1273  -0.145104  0.0837758
1274  -0.072552  0.0418879
1275  0  0
1276  0.072552  -0.0418879
1277  0.145104  -0.0837758
1278  0.217656  -0.125664
1279  0.290208  -0.167552
1280  0.36276  -0.20944
1281  0.435312  -0.251327
1282  0.507864  -0.293215
1283  0.580416  -0.335103
1284  0.652968  -0.376991
1285  0.72552  -0.418879
1286  0.798072  -0.460767
1287  0.870624  -0.502655
1288  0.943176  -0.544543
1289  1.01573  -0.586431
1290  1.08828  -0.628319
1291  1.16083  -0.670206
1292  1.23338  -0.712094
1293  1.30594  -0.753982
1294  1.37849  -0.79587
1295  1.45104  -0.837758
1296  1.52359  -0.879646
1297  1.59614  -0.921534
1298  1.6687  -0.963422
1299  1.74125  -1.00531
1300  1.8138  -0.963422
1301  -1.74125  1.08909
1302  -1.6687  1.0472
1303  -1.59614  1.00531
1304  -1.52359  0.963422
1305  -1.45104  0.921534
1306  -1.37849  0.879646
1307  -1.30594  0.837758
1308  -1.23338  0.79587
1309  -1.16083  0.753982
1310  -1.08828  0.712094
1311  -1.01573  0.670206
1312  -0.943176  0.628319
1313  -0.870624  0.586431
1314  -0.798072  0.544543
1315  -0.72552  0.502655
1316  -0.652968  0.460767
1317  -0.580416  0.418879
1318  -0.507864  0.376991
1319  -0.435312  0.335103
1320  -0.36276  0.293215
1321  -0.290208  0.251327
1322  -0.217656  0.20944
1323  -0.145104  0.167552
1324  -0.072552  0.125664
1325  0  0.0837758
1326  0.072552  0.0418879
1327  0.145104  0
1328  0.217656  -0.0418879
1329  0.290208  -0.0837758
1330  0.36276  -0.125664
1331  0.435312  -0.167552
1332  0.507864  -0.20944
1333  0.580416  -0.251327
1334  0.652968  -0.293215
1335  0.72552  -0.335103
1336  0.798072  -0.376991
1337  0.870624  -0.418879
1338  0.943176  -0.460767
1339  1.01573  -0.502655
1340  1.08828  -0.544543
1341  1.16083  -0.586431
1342  1.23338  -0.628319
1343  1.30594  -0.670206
1344  1.37849  -0.712094
1345  1.45104  -0.753982
1346  1.52359  -0.79587
1347  1.59614  -0.837758
1348  1.6687  -0.879646
1349  1.74125  -0.921534
1350  1.8138  -0.879646
1351  -1.74125  1.17286
1352  -1.6687  1.13097
1353  -1.59614  1.08909
1354  -1.52359  1.0472
1355  -1.45104  1.00531
1356  -1.37849  0.963422
1357  -1.30594  0.921534
1358  -1.23338  0.879646
1359  -1.16083  0.837758
1360  -1.08828  0.79587
1361  -1.01573  0.753982
1362  -0.943176  0.712094
1363  -0.870624  0.670206
1364  -0.798072  0.628319
1365  -0.72552  0.586431
1366  -0.652968  0.544543
1367  -0.580416  0.502655
1368  -0.507864  0.460767
1369  -0.435312  0.418879
1370  -0.36276  0.376991
1371  -0.290208  0.335103
1372  -0.217656  0.293215
1373  -0.145104  0.251327
1374  -0.072552  0.20944
1375  0  0.167552
1376  0.072552  0.125664
1377  0.145104  0.0837758
1378  0.217656  0.0418879
1379  0.290208  0
1380  0.36276  -0.0418879
1381  0.435312  -0.0837758
1382  0.507864  -0.125664
1383  0.580416  -0.167552
1384  0.652968  -0.20944
1385  0.72552  -0.251327
1386  0.798072  -0.293215
1387  0.870624  -0.335103
1388  0.943176  -0.376991
1389  1.01573  -0.418879
1390  1.08828  -0.460767
1391  1.16083  -0.502655
1392  1.23338  -0.544543
1393  1.30594  -0.586431
1394  1.37849  -0.628319
1395  1.45104  -0.670206
1396  1.52359  -0.712094
1397  1.59614  -0.753982
1398  1.6687  -0.79587
1399  1.74125  -0.837758
1400  1.8138  -0.79587
1401  1.88635  -0.837758
1402  -1.6687  1.21475
1403  -1.59614  1.17286
1404  -1.52359  1.13097
1405  -1.45104  1.08909
1406  -1.37849  1.0472
1407  -1.30594  1.00531
1408  -1.23338  0.963422
1409  -1.16083  0.921534
1410  -1.08828  0.879646
1411  -1.01573  0.837758
1412  -0.943176  0.79587
1413  -0.870624  0.753982
1414  -0.798072  0.712094
1415  -0.72552  0.670206
1416  -0.652968  0.628319
1417  -0.580416  0.586431
1418  -0.507864  0.544543
1419  -0.435312  0.502655
1420  -0.36276  0.460767
1421  -0.290208  0.418879
1422  -0.217656  0.376991
1423  -0.145104  0.335103
1424  -0.072552  0.293215
1425  0  0.251327
1426  0.072552  0.20944
1427  0.145104  0.167552
1428  0.217656  0.125664
1429  0.290208  0.0837758
1430  0.36276  0.0418879
1431  0.435312  0
1432  0.507864  -0.0418879
1433  0.580416  -0.0837758
1434  0.652968  -0.125664
1435  0.72552  -0.167552
1436  0.798072  -0.20944
1437  0.870624  -0.251327
1438  0.943176  -0.293215
1439  1.01573  -0.335103
1440  1.08828  -0.376991
1441  1.16083  -0.418879
1442  1.23338  -0.460767
1443  1.30594  -0.502655
1444  1.37849  -0.544543
1445  1.45104  -0.586431
1446  1.52359  -0.628319
1447  1.59614  -0.670206
1448  1.6687  -0.712094
1449  1.74125  -0.753982
1450  1.8138  -0.712094
1451  1.88635  -0.753982
1452  -1.6687  1.29852
1453  -1.59614  1.25664
1454  -1.52359  1.21475
1455  -1.45104  1.17286
1456  -1.37849  1.13097
1457  -1.30594  1.08909
1458  -1.23338  1.0472
1459  -1.16083  1.00531
1460  -1.08828  0.963422
1461  -1.01573  0.921534
1462  -0.943176  0.879646
1463  -0.870624  0.837758
1464  -0.798072  0.79587
1465  -0.72552  0.753982
1466  -0.652968  0.712094
1467  -0.580416  0.670206
1468  -0.507864  0.628319
1469  -0.435312  0.586431
1470  -0.36276  0.544543
1471  -0.290208  0.502655
1472  -0.217656  0.460767
1473  -0.145104  0.418879
1474  -0.072552  0.376991
1475  0  0.335103
1476  0.072552  0.293215
1477  0.145104  0.251327
1478  0.217656  0.20944
1479  0.290208  0.167552
1480  0.36276  0.125664
1481  0.435312  0.0837758
1482  0.507864  0.0418879
1483  0.580416  0
1484  0.652968  -0.0418879
1485  0.72552  -0.0837758
1486  0.798072  -0.125664
1487  0.870624  -0.167552
1488  0.943176  -0.20944
1489  1.01573  -0.251327
1490  1.08828  -0.293215
1491  1.16083  -0.335103
1492  1.23338  -0.376991
1493  1.30594  -0.418879
1494  1.37849  -0.460767
1495  1.45104  -0.502655
1496  1.52359  -0.544543
1497  1.59614  -0.586431
1498  1.6687  -0.628319
1499  1.74125  -0.670206
1500  1.8138  -0.628319
1501  1.88635  -0.670206
1502  1.9589  -0.712094
1503  -1.59614  1.34041
1504  -1.52359  1.29852
1505  -1.45104  1.25664
1506  -1.37849  1.21475
1507  -1.30594  1.17286
1508  -1.23338  1.13097
1509  -1.16083  1.08909
1510  -1.08828  1.0472
1511  -1.01573  1.00531
1512  -0.943176  0.963422
1513  -0.870624  0.921534
1514  -0.798072  0.879646
1515  -0.72552  0.837758
1516  -0.652968  0.79587
1517  -0.580416  0.753982
1518  -0.507864  0.712094
1519  -0.435312  0.670206
1520  -0.36276  0.628319
1521  -0.290208  0.586431
1522  -0.217656  0.544543
1523  -0.145104  0.502655
1524  -0.072552  0.460767
1525  0  0.418879
1526  0.072552  0.376991
1527  0.145104  0.335103
1528  0.217656  0.293215
1529  0.290208  0.251327
1530  0.36276  0.20944
1531  0.435312  0.167552
1532  0.507864  0.125664
1533  0.580416  0.0837758
1534  0.652968  0.0418879
1535  0.72552  0
1536  0.798072  -0.0418879
1537  0.870624  -0.0837758
1538  0.943176  -0.125664
1539  1.01573  -0.167552
1540  1.08828  -0.20944
1541  1.16083  -0.251327
1542  1.23338  -0.293215
1543  1.30594  -0.335103
1544  1.37849  -0.376991
1545  1.45104  -0.418879
1546  1.52359  -0.460767
1547  1.59614  -0.502655
1548  1.6687  -0.544543
1549  1.74125  -0.586431
1550  1.8138  -0.544543
1551  1.88635  -0.586431
1552  1.9589  -0.628319
1553  -1.59614  1.42419
1554  -1.52359  1.3823
1555  -1.45104  1.34041
1556  -1.37849  1.29852
1557  -1.30594  1.25664
1558  -1.23338  1.21475
1559  -1.16083  1.17286
1560  -1.08828  1.13097
1561  -1.01573  1.08909
1562  -0.943176  1.0472
1563  -0.870624  1.00531
1564  -0.798072  0.963422
1565  -0.72552  0.921534
1566  -0.652968  0.879646
1567  -0.580416  0.837758
1568  -0.507864  0.79587
1569  -0.435312  0.753982
1570  -0.36276  0.712094
1571  -0.290208  0.670206
1572  -0.217656  0.628319
1573  -0.145104  0.586431
1574  -0.072552  0.544543
1575  0  0.502655
1576  0.072552  0.460767
1577  0.145104  0.418879
1578  0.217656  0.376991
1579  0.290208  0.335103
1580  0.36276  0.293215
1581  0.435312  0.251327
1582  0.507864  0.20944
1583  0.580416  0.167552
1584  0.652968  0.125664
1585  0.72552  0.0837758
1586  0.798072  0.0418879
1587  0.870624  0
1588  0.943176  -0.0418879
1589  1.01573  -0.0837758
1590  1.08828  -0.125664
1591  1.16083  -0.167552
1592  1.23338  -0.20944
1593  1.30594  -0.251327
1594  1.37849  -0.293215
1595  1.45104  -0.335103
1596  1.52359  -0.376991
1597  1.59614  -0.418879
1598  1.6687  -0.460767
1599  1.74125  -0.502655
1600  1.8138  -0.460767
1601  1.88635  -0.502655
1602  1.9589  -0.544543
1603  2.03146  -0.586431
1604  -1.52359  1.46608
1605  -1.45104  1.42419
1606  -1.37849  1.3823
1607  -1.30594  1.34041
1608  -1.23338  1.29852
1609  -1.16083  1.25664
1610  -1.08828  1.21475
1611  -1.01573  1.17286
1612  -0.943176  1.13097
1613  -0.870624  1.08909
1614  -0.798072  1.0472
1615  -0.72552  1.00531
1616  -0.652968  0.963422
1617  -0.580416  0.921534
1618  -0.507864  0.879646
1619  -0.435312  0.837758
1620  -0.36276  0.79587
1621  -0.290208  0.753982
1622  -0.217656  0.712094
1623  -0.145104  0.670206
1624  -0.072552  0.628319
1625  0  0.586431
1626  0.072552  0.544543
1627  0.145104  0.502655
1628  0.217656  0.460767
1629  0.290208  0.418879
1630  0.36276  0.376991
1631  0.435312  0.335103
1632  0.507864  0.293215
1633  0.580416  0.251327
1634  0.652968  0.20944
1635  0.72552  0.167552
1636  0.798072  0.125664
1637  0.870624  0.0837758
1638  0.943176  0.0418879
1639  1.01573  0
1640  1.08828  -0.0418879
1641  1.16083  -0.0837758
1642  1.23338  -0.125664
1643  1.30594  -0.167552
1644  1.37849  -0.20944
1645  1.45104  -0.251327
1646  1.52359  -0.293215
1647  1.59614  -0.335103
1648  1.6687  -0.376991
1649  1.74125  -0.418879
1650  1.8138  -0.376991
1651  1.88635  -0.418879
1652  1.9589  -0.460767
1653  2.03146  -0.502655
1654  -1.52359  1.54985
1655  -1.45104  1.50796
1656  -1.37849  1.46608
1657  -1.30594  1.42419
1658  -1.23338  1.3823
1659  -1.16083  1.34041
1660  -1.08828  1.29852
1661  -1.01573  1.25664
1662  -0.943176  1.21475
1663  -0.870624  1.17286
1664  -0.798072  1.13097
1665  -0.72552  1.08909
1666  -0.652968  1.0472
1667  -0.580416  1.00531
1668  -0.507864  0.963422
1669  -0.435312  0.921534
1670  -0.36276  0.879646
1671  -0.290208  0.837758
1672  -0.217656  0.79587
1673  -0.145104  0.753982
1674  -0.072552  0.712094
1675  0  0.670206
1676  0.072552  0.628319
1677  0.145104  0.586431
1678  0.217656  0.544543
1679  0.290208  0.502655
1680  0.36276  0.460767
1681  0.435312  0.418879
1682  0.507864  0.376991
1683  0.580416  0.335103
1684  0.652968  0.293215
1685  0.72552  0.251327
1686  0.798072  0.20944
1687  0.870624  0.167552
1688  0.943176  0.125664
1689  1.01573  0.0837758
1690  1.08828  0.0418879
1691  1.16083  0
1692  1.23338  -0.0418879
1693  1.30594  -0.0837758
1694  1.37849  -0.125664
1695  1.45104  -0.167552
1696  1.52359  -0.20944
1697  1.59614  -0.251327
1698  1.6687  -0.293215
1699  1.74125  -0.335103
1700  1.8138  -0.293215
1701  1.88635  -0.335103
1702  1.9589  -0.376991
1703  2.03146  -0.418879
1704  2.10401  -0.460767
1705  -1.45104  1.59174
1706  -1.37849  1.54985
1707  -1.30594  1.50796
1708  -1.23338  1.46608
1709  -1.16083  1.42419
1710  -1.08828  1.3823
1711  -1.01573  1.34041
1712  -0.943176  1.29852
1713  -0.870624  1.25664
1714  -0.798072  1.21475
1715  -0.72552  1.17286
1716  -0.652968  1.13097
1717  -0.580416  1.08909
1718  -0.507864  1.0472
1719  -0.435312  1.00531
1720  -0.36276  0.963422
1721  -0.290208  0.921534
1722  -0.217656  0.879646
1723  -0.145104  0.837758
1724  -0.072552  0.79587
1725  0  0.753982
1726  0.072552  0.712094
1727  0.145104  0.670206
1728  0.217656  0.628319
1729  0.290208  0.586431
1730  0.36276  0.544543
1731  0.435312  0.502655
1732  0.507864  0.460767
1733  0.580416  0.418879
1734  0.652968  0.376991
1735  0.72552  0.335103
1736  0.798072  0.293215
1737  0.870624  0.251327
1738  0.943176  0.20944
1739  1.01573  0.167552
1740  1.08828  0.125664
1741  1.16083  0.0837758
1742  1.23338  0.0418879
1743  1.30594  0
1744  1.37849  -0.0418879
1745  1.45104  -0.0837758
1746  1.52359  -0.125664
1747  1.59614  -0.167552
1748  1.6687  -0.20944
1749  1.74125  -0.251327
1750  1.8138  -0.20944
1751  1.88635  -0.251327
1752  1.9589  -0.293215
1753  2.03146  -0.335103
1754  2.10401  -0.376991
1755  -1.45104  1.67552
1756  -1.37849  1.63363
1757  -1.30594  1.59174
1758  -1.23338  1.54985
1759  -1.16083  1.50796
1760  -1.08828  1.46608
1761  -1.01573  1.42419
1762  -0.943176  1.3823
1763  -0.870624  1.34041
1764  -0.798072  1.29852
1765  -0.72552  1.25664
1766  -0.652968  1.21475
1767  -0.580416  1.17286
1768  -0.507864  1.13097
1769  -0.435312  1.08909
1770  -0.36276  1.0472
1771  -0.290208  1.00531
1772  -0.217656  0.963422
1773  -0.145104  0.921534
1774  -0.072552  0.879646
1775  0  0.837758
1776  0.072552  0.79587
1777  0.145104  0.753982
1778  0.217656  0.712094
1779  0.290208  0.670206
1780  0.36276  0.628319
1781  0.435312  0.586431
1782  0.507864  0.544543
1783  0.580416  0.502655
1784  0.652968  0.460767
1785  0.72552  0.418879
1786  0.798072  0.376991
1787  0.870624  0.335103
1788  0.943176  0.293215
1789  1.01573  0.251327
1790  1.08828  0.20944
1791  1.16083  0.167552
1792  1.23338  0.125664
1793  1.30594  0.0837758
1794  1.37849  0.0418879
1795  1.45104  0
1796  1.52359  -0.0418879
1797  1.59614  -0.0837758
1798  1.6687  -0.125664
1799  1.74125  -0.167552
1800  1.8138  -0.125664
1801  1.88635  -0.167552
1802  1.9589  -0.20944
1803  2.03146  -0.251327
1804  2.10401  -0.293215
1805  2.17656  -0.335103
1806  -1.37849  1.7174
1807  -1.30594  1.67552
1808  -1.23338  1.63363
1809  -1.16083  1.59174
1810  -1.08828  1.54985
1811  -1.01573  1.50796
1812  -0.943176  1.46608
1813  -0.870624  1.42419
1814  -0.798072  1.3823
1815  -0.72552  1.34041
1816  -0.652968  1.29852
1817  -0.580416  1.25664
1818  -0.507864  1.21475
1819  -0.435312  1.17286
1820  -0.36276  1.13097
1821  -0.290208  1.08909
1822  -0.217656  1.0472
1823  -0.145104  1.00531
1824  -0.072552  0.963422
1825  0  0.921534
1826  0.072552  0.879646
1827  0.145104  0.837758
1828  0.217656  0.79587
1829  0.290208  0.753982
1830  0.36276  0.712094
1831  0.435312  0.670206
1832  0.507864  0.628319
1833  0.580416  0.586431
1834  0.652968  0.544543
1835  0.72552  0.502655
1836  0.798072  0.460767
1837  0.870624  0.418879
1838  0.943176  0.376991
1839  1.01573  0.335103
1840  1.08828  0.293215
1841  1.16083  0.251327
1842  1.23338  0.20944
1843  1.30594  0.167552
1844  1.37849  0.125664
1845  1.45104  0.0837758
1846  1.52359  0.0418879
1847  1.59614  0
1848  1.6687  -0.0418879
1849  1.74125  -0.0837758
1850  1.8138  -0.0418879
1851  1.88635  -0.0837758
1852  1.9589  -0.125664
1853  2.03146  -0.167552
1854  2.10401  -0.20944
1855  2.17656  -0.251327
1856  -1.37849  1.80118
1857  -1.30594  1.75929
1858  -1.23338  1.7174
1859  -1.16083  1.67552
1860  -1.08828  1.63363
1861  -1.01573  1.59174
1862  -0.943176  1.54985
1863  -0.870624  1.50796
1864  -0.798072  1.46608
1865  -0.72552  1.42419
1866  -0.652968  1.3823
1867  -0.580416  1.34041
1868  -0.507864  1.29852
1869  -0.435312  1.25664
1870  -0.36276  1.21475
1871  -0.290208  1.17286
1872  -0.217656  1.13097
1873  -0.145104  1.08909
1874  -0.072552  1.0472
1875  0  1.00531
1876  0.072552  0.963422
1877  0.145104  0.921534
1878  0.217656  0.879646
1879  0.290208  0.837758
1880  0.36276  0.79587
1881  0.435312  0.753982
1882  0.507864  0.712094
1883  0.580416  0.670206
1884  0.652968  0.628319
1885  0.72552  0.586431
1886  0.798072  0.544543
1887  0.870624  0.502655
1888  0.943176  0.460767
1889  1.01573  0.418879
1890  1.08828  0.376991
1891  1.16083  0.335103
1892  1.23338  0.293215
1893  1.30594  0.251327
1894  1.37849  0.20944
1895  1.45104  0.167552
1896  1.52359  0.125664
1897  1.59614  0.0837758
1898  1.6687  0.0418879
1899  1.74125  0
1900  1.8138  0.0418879
1901  1.88635  0
1902  1.9589  -0.0418879
1903  2.03146  -0.0837758
1904  2.10401  -0.125664
1905  2.17656  -0.167552
1906  2.24911  -0.20944
1907  -1.30594  1.84307
1908  -1.23338  1.80118
1909  -1.16083  1.75929
1910  -1.08828  1.7174
1911  -1.01573  1.67552
1912  -0.943176  1.63363
1913  -0.870624  1.59174
1914  -0.798072  1.54985
1915  -0.72552  1.50796
1916  -0.652968  1.46608
1917  -0.580416  1.42419
1918  -0.507864  1.3823
1919  -0.435312  1.34041
1920  -0.36276  1.29852
1921  -0.290208  1.25664
1922  -0.217656  1.21475
1923  -0.145104  1.17286
1924  -0.072552  1.13097
1925  0  1.08909
1926  0.072552  1.0472
1927  0.145104  1.00531
1928  0.217656  0.963422
1929  0.290208  0.921534
1930  0.36276  0.879646
1931  0.435312  0.837758
1932  0.507864  0.79587
1933  0.580416  0.753982
1934  0.652968  0.712094
1935  0.72552  0.670206
1936  0.798072  0.628319
1937  0.870624  0.586431
1938  0.943176  0.544543
1939  1.01573  0.502655
1940  1.08828  0.460767
1941  1.16083  0.418879
1942  1.23338  0.376991
1943  1.30594  0.335103
1944  1.37849  0.293215
1945  1.45104  0.251327
1946  1.52359  0.20944
1947  1.59614  0.167552
1948  1.6687  0.125664
1949  1.74125  0.0837758
1950  1.8138  0.125664
1951  1.88635  0.0837758
1952  1.9589  0.0418879
1953  2.03146  4.44089e-16
1954  2.10401  -0.0418879
1955  2.17656  -0.0837758
1956  2.24911  -0.125664
1957  -1.30594  1.92684
1958  -1.23338  1.88496
1959  -1.16083  1.84307
1960  -1.08828  1.80118
1961  -1.01573  1.75929
1962  -0.943176  1.7174
1963  -0.870624  1.67552
1964  -0.798072  1.63363
1965  -0.72552  1.59174
1966  -0.652968  1.54985
1967  -0.580416  1.50796
1968  -0.507864  1.46608
1969  -0.435312  1.42419
1970  -0.36276  1.3823
1971  -0.290208  1.34041
1972  -0.217656  1.29852
1973  -0.145104  1.25664
1974  -0.072552  1.21475
1975  0  1.17286
1976  0.072552  1.13097
1977  0.145104  1.08909
1978  0.217656  1.0472
1979  0.290208  1.00531
1980  0.36276  0.963422
1981  0.435312  0.921534
1982  0.507864  0.879646
1983  0.580416  0.837758
1984  0.652968  0.79587
1985  0.72552  0.753982
1986  0.798072  0.712094
1987  0.870624  0.670206
1988  0.943176  0.628319
1989  1.01573  0.586431
1990  1.08828  0.544543
1991  1.16083  0.502655
1992  1.23338  0.460767
1993  1.30594  0.418879
1994  1.37849  0.376991
1995  1.45104  0.335103
1996  1.52359  0.293215
1997  1.59614  0.251327
1998  1.6687  0.20944
1999  1.74125  0.167552
2000  1.8138  0.20944
2001  1.88635  0.167552
2002  1.9589  0.125664
2003  2.03146  0.0837758
2004  2.10401  0.0418879
2005  2.17656  0
2006  2.24911  -0.0418879
2007  2.32166  -0.0837758
2008  -1.23338  1.96873
2009  -1.16083  1.92684
2010  -1.08828  1.88496
2011  -1.01573  1.84307
2012  -0.943176  1.80118
2013  -0.870624  1.75929
2014  -0.798072  1.7174
2015  -0.72552  1.67552
2016  -0.652968  1.63363
2017  -0.580416  1.59174
2018  -0.507864  1.54985
2019  -0.435312  1.50796
2020  -0.36276  1.46608
2021  -0.290208  1.42419
2022  -0.217656  1.3823
2023  -0.145104  1.34041
2024  -0.072552  1.29852
2025  0  1.25664
2026  0.072552  1.21475
2027  0.145104  1.17286
2028  0.217656  1.13097
2029  0.290208  1.08909
2030  0.36276  1.0472
2031  0.435312  1.00531
2032  0.507864  0.963422
2033  0.580416  0.921534
2034  0.652968  0.879646
2035  0.72552  0.837758
2036  0.798072  0.79587
2037  0.870624  0.753982
2038  0.943176  0.712094
2039  1.01573  0.670206
2040  1.08828  0.628319
2041  1.16083  0.586431
2042  1.23338  0.544543
2043  1.30594  0.502655
2044  1.37849  0.460767
2045  1.45104  0.418879
2046  1.52359  0.376991
2047  1.59614  0.335103
2048  1.6687  0.293215
2049  1.74125  0.251327
2050  1.8138  0.293215
2051  1.88635  0.251327
2052  1.9589  0.20944
2053  2.03146  0.167552
2054  2.10401  0.125664
2055  2.17656  0.0837758
2056  2.24911  0.0418879
2057  2.32166  0
2058  -1.23338  2.05251
2059  -1.16083  2.01062
2060  -1.08828  1.96873
2061  -1.01573  1.92684
2062  -0.943176  1.88496
2063  -0.870624  1.84307
2064  -0.798072  1.80118
2065  -0.72552  1.75929
2066  -0.652968  1.7174
2067  -0.580416  1.67552
2068  -0.507864  1.63363
2069  -0.435312  1.59174
2070  -0.36276  1.54985
2071  -0.290208  1.50796
2072  -0.217656  1.46608
2073  -0.145104  1.42419
2074  -0.072552  1.3823
2075  0  1.34041
2076  0.072552  1.29852
2077  0.145104  1.25664
2078  0.217656  1.21475
2079  0.290208  1.17286
2080  0.36276  1.13097
2081  0.435312  1.08909
2082  0.507864  1.0472
2083  0.580416  1.00531
2084  0.652968  0.963422
2085  0.72552  0.921534
2086  0.798072  0.879646
2087  0.870624  0.837758
2088  0.943176  0.79587
2089  1.01573  0.753982
2090  1.08828  0.712094
2091  1.16083  0.670206
2092  1.23338  0.628319
2093  1.30594  0.586431
2094  1.37849  0.544543
2095  1.45104  0.502655
2096  1.52359  0.460767
2097  1.59614  0.418879
2098  1.6687  0.376991
2099  1.74125  0.335103
2100  1.8138  0.376991
2101  1.88635  0.335103
2102  1.9589  0.293215
2103  2.03146  0.251327
2104  2.10401  0.20944
2105  2.17656  0.167552
2106  2.24911  0.125664
2107  2.32166  0.0837758
2108  -1.23338  -2.05251
2109  -1.16083  2.0944
2110  -1.08828  2.05251
2111  -1.01573  2.01062
2112  -0.943176  1.96873
2113  -0.870624  1.92684
2114  -0.798072  1.88496
2115  -0.72552  1.84307
2116  -0.652968  1.80118
2117  -0.580416  1.75929
2118  -0.507864  1.7174
2119  -0.435312  1.67552
2120  -0.36276  1.63363
2121  -0.290208  1.59174
2122  -0.217656  1.54985
2123  -0.145104  1.50796
2124  -0.072552  1.46608
2125  0  1.42419
2126  0.072552  1.3823
2127  0.145104  1.34041
2128  0.217656  1.29852
2129  0.290208  1.25664
2130  0.36276  1.21475
2131  0.435312  1.17286
2132  0.507864  1.13097
2133  0.580416  1.08909
2134  0.652968  1.0472
2135  0.72552  1.00531
2136  0.798072  0.963422
2137  0.870624  0.921534
2138  0.943176  0.879646
2139  1.01573  0.837758
2140  1.08828  0.79587
2141  1.16083  0.753982
2142  1.23338  0.712094
2143  1.30594  0.670206
2144  1.37849  0.628319
2145  1.45104  0.586431
2146  1.52359  0.544543
2147  1.59614  0.502655
2148  1.6687  0.460767
2149  1.74125  0.418879
2150  1.8138  0.460767
2151  1.88635  0.418879
2152  1.9589  0.376991
2153  2.03146  0.335103
2154  2.10401  0.293215
2155  2.17656  0.251327
2156  2.24911  0.20944
2157  -1.30594  -1.92684
2158  -1.23338  -1.96873
2159  -1.16083  -2.01062
2160  -1.08828  -2.05251
2161  -1.01573  2.0944
2162  -0.943176  2.05251
2163  -0.870624  2.01062
2164  -0.798072  1.96873
2165  -0.72552  1.92684
2166  -0.652968  1.88496
2167  -0.580416  1.84307
2168  -0.507864  1.80118
2169  -0.435312  1.75929
2170  -0.36276  1.7174
2171  -0.290208  1.67552
2172  -0.217656  1.63363
2173  -0.145104  1.59174
2174  -0.072552  1.54985
2175  0  1.50796
2176  0.072552  1.46608
2177  0.145104  1.42419
2178  0.217656  1.3823
2179  0.290208  1.34041
2180  0.36276  1.29852
2181  0.435312  1.25664
2182  0.507864  1.21475
2183  0.580416  1.17286
2184  0.652968  1.13097
2185  0.72552  1.08909
2186  0.798072  1.0472
2187  0.870624  1.00531
2188  0.943176  0.963422
2189  1.01573  0.921534
2190  1.08828  0.879646
2191  1.16083  0.837758
2192  1.23338  0.79587
2193  1.30594  0.753982
2194  1.37849  0.712094
2195  1.45104  0.670206
2196  1.52359  0.628319
2197  1.59614  0.586431
2198  1.6687  0.544543
2199  1.74125  0.502655
2200  1.8138  0.544543
2201  1.88635  0.502655
2202  1.9589  0.460767
2203  2.03146  0.418879
2204  2.10401  0.376991
2205  2.17656  0.335103
2206  -1.37849  -1.80118
2207  -1.30594  -1.84307
2208  -1.23338  -1.88496
2209  -1.16083  -1.92684
2210  -1.08828  -1.96873
2211  -1.01573  -2.01062
2212  -0.943176  -2.05251
2213  -0.870624  2.0944
2214  -0.798072  2.05251
2215  -0.72552  2.01062
2216  -0.652968  1.96873
2217  -0.580416  1.92684
2218  -0.507864  1.88496
2219  -0.435312  1.84307
2220  -0.36276  1.80118
2221  -0.290208  1.75929
2222  -0.217656  1.7174
2223  -0.145104  1.67552
2224  -0.072552  1.63363
2225  0  1.59174
2226  0.072552  1.54985
2227  0.145104  1.50796
2228  0.217656  1.46608
2229  0.290208  1.42419
2230  0.36276  1.3823
2231  0.435312  1.34041
2232  0.507864  1.29852
2233  0.580416  1.25664
2234  0.652968  1.21475
2235  0.72552  1.17286
2236  0.798072  1.13097
2237  0.870624  1.08909
2238  0.943176  1.0472
2239  1.01573  1.00531
2240  1.08828  0.963422
2241  1.16083  0.921534
2242  1.23338  0.879646
2243  1.30594  0.837758
2244  1.37849  0.79587
2245  1.45104  0.753982
2246  1.52359  0.712094
2247  1.59614  0.670206
2248  1.6687  0.628319
2249  1.74125  0.586431
2250  1.8138  0.628319
2251  1.88635  0.586431
2252  1.9589  0.544543
2253  2.03146  0.502655
2254  2.10401  0.460767
2255  -1.45104  -1.67552
2256  -1.37849  -1.7174
2257  -1.30594  -1.75929
2258  -1.23338  -1.80118
2259  -1.16083  -1.84307
2260  -1.08828  -1.88496
2261  -1.01573  -1.92684
2262  -0.943176  -1.96873
2263  -0.870624  -2.01062
2264  -0.798072  -2.05251
2265  -0.72552  2.0944
2266  -0.652968  2.05251
2267  -0.580416  2.01062
2268  -0.507864  1.96873
2269  -0.435312  1.92684
2270  -0.36276  1.88496
2271  -0.290208  1.84307
2272  -0.217656  1.80118
2273  -0.145104  1.75929
2274  -0.072552  1.7174
2275  0  1.67552
2276  0.072552  1.63363
2277  0.145104  1.59174
2278  0.217656  1.54985
2279  0.290208  1.50796
2280  0.36276  1.46608
2281  0.435312  1.42419
2282  0.507864  1.3823
2283  0.580416  1.34041
2284  0.652968  1.29852
2285  0.72552  1.25664
2286  0.798072  1.21475
2287  0.870624  1.17286
2288  0.943176  1.13097
2289  1.01573  1.08909
2290  1.08828  1.0472
2291  1.16083  1.00531
2292  1.23338  0.963422
2293  1.30594  0.921534
2294  1.37849  0.879646
2295  1.45104  0.837758
2296  1.52359  0.79587
2297  1.59614  0.753982
2298  1.6687  0.712094
2299  1.74125  0.670206
2300  1.8138  0.712094
2301  1.88635  0.670206
2302  1.9589  0.628319
2303  2.03146  0.586431
2304  -1.52359  -1.54985
2305  -1.45104  -1.59174
2306  -1.37849  -1.63363
2307  -1.30594  -1.67552
2308  -1.23338  -1.7174
2309  -1.16083  -1.75929
2310  -1.08828  -1.80118
2311  -1.01573  -1.84307
2312  -0.943176  -1.88496
2313  -0.870624  -1.92684
2314  -0.798072  -1.96873
2315  -0.72552  -2.01062
2316  -0.652968  -2.05251
2317  -0.580416  2.0944
2318  -0.507864  2.05251
2319  -0.435312  2.01062
2320  -0.36276  1.96873
2321  -0.290208  1.92684
2322  -0.217656  1.88496
2323  -0.145104  1.84307
2324  -0.072552  1.80118
2325  0  1.75929
2326  0.072552  1.7174
2327  0.145104  1.67552
2328  0.217656  1.63363
2329  0.290208  1.59174
2330  0.36276  1.54985
2331  0.435312  1.50796
2332  0.507864  1.46608
2333  0.580416  1.42419
2334  0.652968  1.3823
2335  0.72552  1.34041
2336  0.798072  1.29852
2337  0.870624  1.25664
2338  0.943176  1.21475
2339  1.01573  1.17286
2340  1.08828  1.13097
2341  1.16083  1.08909
2342  1.23338  1.0472
2343  1.30594  1.00531
2344  1.37849  0.963422
2345  1.45104  0.921534
2346  1.52359  0.879646
2347  1.59614  0.837758
2348  1.6687  0.79587
2349  1.74125  0.753982
2350  1.8138  0.79587
2351  1.88635  0.753982
2352  1.9589  0.712094
2353  -1.59614  -1.42419
2354  -1.52359  -1.46608
2355  -1.45104  -1.50796
2356  -1.37849  -1.54985
2357  -1.30594  -1.59174
2358  -1.23338  -1.63363
2359  -1.16083  -1.67552
2360  -1.08828  -1.7174
2361  -1.01573  -1.75929
2362  -0.943176  -1.80118
2363  -0.870624  -1.84307
2364  -0.798072  -1.88496
2365  -0.72552  -1.92684
2366  -0.652968  -1.96873
2367  -0.580416  -2.01062
2368  -0.507864  -2.05251
2369  -0.435312  2.0944
2370  -0.36276  2.05251
2371  -0.290208  2.01062
2372  -0.217656  1.96873
2373  -0.145104  1.92684
2374  -0.072552  1.88496
2375  0  1.84307
2376  0.072552  1.80118
2377  0.145104  1.75929
2378  0.217656  1.7174
2379  0.290208  1.67552
2380  0.36276  1.63363
2381  0.435312  1.59174
2382  0.507864  1.54985
2383  0.580416  1.50796
2384  0.652968  1.46608
2385  0.72552  1.42419
2386  0.798072  1.3823
2387  0.870624  1.34041
2388  0.943176  1.29852
2389  1.01573  1.25664
2390  1.08828  1.21475
2391  1.16083  1.17286
2392  1.23338  1.13097
2393  1.30594  1.08909
2394  1.37849  1.0472
2395  1.45104  1.00531
2396  1.52359  0.963422
2397  1.59614  0.921534
2398  1.6687  0.879646
2399  1.74125  0.837758
2400  1.8138  0.879646
2401  1.88635  0.837758
2402  -1.6687  -1.29852
2403  -1.59614  -1.34041
2404  -1.52359  -1.3823
2405  -1.45104  -1.42419
2406  -1.37849  -1.46608
2407  -1.30594  -1.50796
2408  -1.23338  -1.54985
2409  -1.16083  -1.59174
2410  -1.08828  -1.63363
2411  -1.01573  -1.67552
2412  -0.943176  -1.7174
2413  -0.870624  -1.75929
2414  -0.798072  -1.80118
2415  -0.72552  -1.84307
2416  -0.652968  -1.88496
2417  -0.580416  -1.92684
2418  -0.507864  -1.96873
2419  -0.435312  -2.01062
2420  -0.36276  -2.05251
2421  -0.290208  2.0944
2422  -0.217656  2.05251
2423  -0.145104  2.01062
2424  -0.072552  1.96873
2425  0  1.92684
2426  0.072552  1.88496
2427  0.145104  1.84307
2428  0.217656  1.80118
2429  0.290208  1.75929
2430  0.36276  1.7174
2431  0.435312  1.67552
2432  0.507864  1.63363
2433  0.580416  1.59174
2434  0.652968  1.54985
2435  0.72552  1.50796
2436  0.798072  1.46608
2437  0.870624  1.42419
2438  0.943176  1.3823
2439  1.01573  1.34041
2440  1.08828  1.29852
2441  1.16083  1.25664
2442  1.23338  1.21475
2443  1.30594  1.17286
2444  1.37849  1.13097
2445  1.45104  1.08909
2446  1.52359  1.0472
2447  1.59614  1.00531
2448  1.6687  0.963422
2449  1.74125  0.921534
2450  1.8138  0.963422
2451  -1.74125  -1.17286
2452  -1.6687  -1.21475
2453  -1.59614  -1.25664
2454  -1.52359  -1.29852
2455  -1.45104  -1.34041
2456  -1.37849  -1.3823
2457  -1.30594  -1.42419
2458  -1.23338  -1.46608
2459  -1.16083  -1.50796
2460  -1.08828  -1.54985
2461  -1.01573  -1.59174
2462  -0.943176  -1.63363
2463  -0.870624  -1.67552
2464  -0.798072  -1.7174
2465  -0.72552  -1.75929
2466  -0.652968  -1.80118
2467  -0.580416  -1.84307
2468  -0.507864  -1.88496
2469  -0.435312  -1.92684
2470  -0.36276  -1.96873
2471  -0.290208  -2.01062
2472  -0.217656  -2.05251
2473  -0.145104  2.0944
2474  -0.072552  2.05251
2475  0  2.01062
2476  0.072552  1.96873
2477  0.145104  1.92684
2478  0.217656  1.88496
2479  0.290208  1.84307
2480  0.36276  1.80118
2481  0.435312  1.75929
2482  0.507864  1.7174
2483  0.580416  1.67552
2484  0.652968  1.63363
2485  0.72552  1.59174
2486  0.798072  1.54985
2487  0.870624  1.50796
2488  0.943176  1.46608
2489  1.01573  1.42419
2490  1.08828  1.3823
2491  1.16083  1.34041
2492  1.23338  1.29852
2493  1.30594  1.25664
2494  1.37849  1.21475
2495  1.45104  1.17286
2496  1.52359  1.13097
2497  1.59614  1.08909
2498  1.6687  1.0472
2499  1.74125  1.00531
