#------------------------------------------------------------------------
# Program: Diag Quadratic
#          (c) Amal Medhi <amedhi@iisertvm.ac.in>
#------------------------------------------------------------------------
# job_72369_diag.x_20260122172749_amedhi@isha.local
# Lattice: HONEYCOMB2 (Size = 1x100x1, Sites/unitcell = 100, Boundary = 0-1-0)
# No of sites = 10000
# Model: MKM
# lambda = 0.060000
# eta = 0.600000
# lambda_R = 0.360000
# t = 1.000000
# Results: WaveFunction
#------------------------------------------------------------------------
# wf_0:   psi(40,98,0)        cols: (6,7)
# wf_1:   psi(40,99,0)        cols: (8,9)
# wf_2:   psi(40,100,0)       cols: (10,11)
# wf_3:   psi(40,101,0)       cols: (12,13)
# wf_4:   psi(49,98,0)        cols: (14,15)
# wf_5:   psi(49,99,0)        cols: (16,17)
# wf_6:   psi(49,100,0)       cols: (18,19)
# wf_7:   psi(49,101,0)       cols: (20,21)
#------------------------------------------------------------------------
# basis   label   xcoord        ycoord        zcoord        Re[wf_1]      Im[wf_1]      Re[wf_2]      Im[wf_2]      Re[wf_3]      Im[wf_3]      Re[wf_4]      Im[wf_4]      Re[wf_5]      Im[wf_5]      Re[wf_6]      Im[wf_6]      Re[wf_7]      Im[wf_7]      Re[wf_8]      Im[wf_8]      
#------------------------------------------------------------------------
       0     0-0  0.000000E+00  0.000000E+00  0.000000E+00  5.512966E-02  0.000000E+00  2.307026E-02  0.000000E+00 -9.273244E-03  0.000000E+00  1.580664E-02 -0.000000E+00 -3.827618E-02  0.000000E+00 -1.226262E-01 -0.000000E+00  1.220271E-01  0.000000E+00  1.161322E-01 -0.000000E+00
       1     0-1  0.000000E+00  0.000000E+00  0.000000E+00 -1.118153E-01 -7.949473E-02 -4.539254E-02 -6.899668E-02  1.155321E-02  3.859147E-02 -1.498737E-02  3.233018E-03 -6.647140E-02  4.018843E-03  7.738785E-02 -1.105351E-02 -7.647637E-02  1.339757E-02 -7.318495E-02  1.435575E-02
       2     1-0  8.660254E-01 -5.000000E-01  0.000000E+00  2.069875E-02 -2.129716E-02  1.474699E-02 -1.068799E-02 -7.900744E-03  3.760087E-03  9.038566E-03 -4.108096E-04  7.982542E-04 -5.697973E-03  1.385334E-03 -2.070304E-02  1.813577E-03  2.426411E-02  5.325258E-03  2.702705E-02
       3     1-1  8.660254E-01 -5.000000E-01  0.000000E+00  1.154572E-02  2.060725E-02  3.203373E-03  1.587942E-02  4.929101E-04 -8.263002E-03 -5.839435E-03  2.976986E-03  5.621592E-03  1.008920E-02 -5.837137E-04 -3.833689E-03 -4.816213E-03 -2.830290E-04 -1.057840E-02 -4.466929E-03
       4     2-0  8.660254E-01 -1.500000E+00  0.000000E+00  3.363009E-02  3.628507E-02  4.574965E-03  2.449144E-02  2.836798E-03 -1.108617E-02  8.684906E-03  7.281918E-04 -2.018608E-02  3.710265E-02 -6.319921E-02 -1.035558E-01  6.381936E-02  1.013485E-01  6.036631E-02  9.453219E-02
       5     2-1  8.660254E-01 -1.500000E+00  0.000000E+00 -1.392389E-01  3.826116E-02 -9.365840E-02  6.453585E-03  4.700265E-02  6.570535E-03 -8.516610E-03  2.468288E-03 -2.272205E-02  6.622827E-02  5.358330E-02  5.963963E-02 -5.452486E-02 -5.872097E-02 -5.381466E-02 -5.478080E-02
       6     3-0  1.732051E+00 -2.000000E+00  0.000000E+00 -4.312956E-02 -4.525373E-02 -2.015772E-02 -3.468590E-02  6.038823E-03  1.876106E-02  1.301438E-02 -3.254876E-03 -7.364713E-03 -9.840209E-03  1.825360E-02 -4.896894E-03 -2.022206E-02  1.437928E-02 -2.101198E-02  2.367209E-02
       7     3-1  1.732051E+00 -2.000000E+00  0.000000E+00  2.506120E-02 -1.097487E-02  2.009067E-02 -1.852089E-03 -1.053684E-02 -1.812741E-03 -1.300798E-02  4.374444E-03  1.059470E-02 -2.651316E-03  3.542227E-03 -5.603618E-03 -2.756388E-03 -8.092051E-03 -2.000226E-03 -2.244546E-02
       8     4-0  1.732051E+00 -3.000000E+00  0.000000E+00  6.214453E-02  2.344012E-02  3.215865E-02  2.604874E-02 -1.198967E-02 -1.684845E-02  2.001881E-03  5.744381E-04  2.606639E-02  3.182892E-02  5.169365E-02 -1.102812E-01 -4.917519E-02  1.077168E-01 -4.408076E-02  9.854266E-02
       9     4-1  1.732051E+00 -3.000000E+00  0.000000E+00  1.510837E-02  9.199141E-02  2.763480E-03  7.462420E-02  6.224822E-03 -4.077211E-02 -1.490526E-03  2.616823E-03  5.444292E-02  5.420835E-02 -2.215267E-02  7.398140E-02  1.886131E-02 -7.730118E-02  1.418495E-02 -7.479522E-02
      10     5-0  2.598076E+00 -3.500000E+00  0.000000E+00 -6.778448E-02  4.725349E-02 -5.099237E-02  2.031201E-02  2.704433E-02 -4.470975E-03  1.881582E-02 -3.093846E-03 -1.664374E-02  2.402287E-03  1.404097E-02  1.393993E-02 -2.668731E-02 -8.740366E-03 -3.860316E-02 -2.380202E-03
      11     5-1  2.598076E+00 -3.500000E+00  0.000000E+00 -1.458987E-02 -2.067164E-02 -4.771927E-03 -1.850090E-02 -3.299947E-04  1.027894E-02 -1.986258E-02  6.524546E-03 -1.634104E-03 -1.034114E-02  1.090405E-02 -1.395342E-03  6.972743E-03 -8.439826E-03  2.546125E-02 -1.935242E-02
      12     6-0  2.598076E+00 -4.500000E+00  0.000000E+00  3.391966E-02 -2.338921E-02  2.757260E-02 -1.446031E-02 -1.647076E-02  4.901311E-03 -5.072972E-03  5.436805E-04  4.379425E-02 -1.367849E-02  1.189104E-01 -1.672952E-02 -1.160011E-01  1.742468E-02 -1.025121E-01  1.630819E-02
      13     6-1  2.598076E+00 -4.500000E+00  0.000000E+00  7.946453E-02 -6.184188E-02  7.993243E-02 -2.871567E-02 -4.767602E-02  4.519207E-03  5.402836E-03  2.301661E-03  7.506204E-02 -2.560535E-02 -7.627650E-02  2.068089E-02  7.471330E-02 -2.688551E-02  6.768173E-02 -3.032317E-02
      14     7-0  3.464102E+00 -5.000000E+00  0.000000E+00  5.147114E-02  7.597686E-02  2.330291E-02  5.950978E-02 -5.231036E-03 -3.217322E-02  2.655525E-02 -4.090020E-03 -6.298374E-03  2.229379E-02 -4.409917E-03  1.580050E-02 -1.011136E-02 -2.685372E-02 -2.580658E-02 -3.546952E-02
      15     7-1  3.464102E+00 -5.000000E+00  0.000000E+00 -1.863246E-02  2.303666E-02 -1.948444E-02  1.135927E-02  1.184640E-02 -2.894212E-03 -2.589642E-02  8.140513E-03 -1.213608E-02 -7.176205E-04  1.120320E-02  9.470108E-03  1.309276E-02  3.537056E-03  3.849349E-02  1.588328E-02
      16     8-0  3.464102E+00 -6.000000E+00  0.000000E+00 -1.776918E-02 -3.288205E-04 -1.755749E-02 -1.148742E-02  8.275902E-03  1.050571E-02 -1.182001E-02  5.079826E-04  9.134278E-03 -4.664821E-02  7.792336E-02  9.130033E-02 -7.757219E-02 -8.661151E-02 -6.687090E-02 -7.254238E-02
      17     8-1  3.464102E+00 -6.000000E+00  0.000000E+00 -7.863193E-02 -1.126341E-01 -3.595669E-02 -1.039910E-01  5.897438E-03  6.116887E-02  1.175089E-02  2.369434E-03  6.849736E-03 -8.301328E-02 -5.939160E-02 -5.024063E-02  6.350710E-02  4.697134E-02  6.143932E-02  3.750933E-02
      18     9-0  4.330127E+00 -6.500000E+00  0.000000E+00  8.225665E-02 -6.322016E-02  6.875952E-02 -3.155892E-02 -3.852776E-02  8.567767E-03  3.305619E-02 -6.297628E-03  2.102827E-02  2.052963E-02 -1.639527E-02  1.279508E-04  1.752547E-02 -2.363001E-02  1.517568E-02 -4.540247E-02
      19     9-1  4.330127E+00 -6.500000E+00  0.000000E+00  2.831860E-02  1.940660E-02  1.562286E-02  2.246907E-02 -4.763366E-03 -1.438290E-02 -3.210746E-02  8.854801E-03 -3.958511E-03  1.226782E-02 -1.853254E-03  1.718088E-02  4.983127E-03  1.685217E-02  9.566495E-03  5.132513E-02
      20    10-0  4.330127E+00 -7.500000E+00  0.000000E+00  8.257591E-03  4.074424E-02 -1.044444E-02  3.195882E-02  1.199695E-02 -1.528601E-02 -1.831052E-02 -3.913251E-05 -3.883519E-02 -2.526637E-02 -3.306759E-02  1.154665E-01  2.950714E-02 -1.108577E-01  2.232388E-02 -8.930348E-02
      21    10-1  4.330127E+00 -7.500000E+00  0.000000E+00 -1.209915E-01  6.011338E-02 -1.124568E-01  2.951503E-02  6.717068E-02 -3.079220E-03  1.816013E-02  3.086879E-03 -7.679859E-02 -4.563625E-02  1.166992E-02 -7.385950E-02 -4.060486E-03  7.829384E-02  4.327969E-03  6.945777E-02
      22    11-0  5.196152E+00 -8.000000E+00  0.000000E+00 -7.289527E-02 -9.159845E-02 -3.866959E-02 -8.017903E-02  1.127274E-02  4.613713E-02  3.836004E-02 -7.255601E-03  3.188471E-02 -1.173393E-02 -9.284545E-03 -1.478105E-02  3.247392E-02  6.551881E-04  5.173653E-02 -1.570017E-02
      23    11-1  5.196152E+00 -8.000000E+00  0.000000E+00  1.757452E-02 -3.019921E-02  2.325013E-02 -1.803757E-02 -1.568441E-02  5.951862E-03 -3.870055E-02  9.489770E-03  1.283564E-02  7.923350E-03 -1.946412E-02  9.818731E-03 -1.293220E-02  1.527369E-02 -4.366082E-02  4.223959E-02
      24    12-0  5.196152E+00 -9.000000E+00  0.000000E+00  4.382849E-02  3.292794E-03  3.461064E-02  1.690343E-02 -1.671103E-02 -1.570873E-02 -2.490226E-02 -9.879878E-04 -4.232242E-02  2.855051E-02 -1.128089E-01  3.471398E-02  1.077546E-01 -3.540843E-02  8.080413E-02 -2.785402E-02
      25    12-1  5.196152E+00 -9.000000E+00  0.000000E+00  5.582852E-02  1.030228E-01  3.347365E-02  1.098398E-01 -5.997265E-03 -6.973263E-02  2.478132E-02  3.935980E-03 -7.600431E-02  5.001489E-02  7.043041E-02 -2.984638E-02 -6.717902E-02  3.969008E-02 -5.159149E-02  4.133050E-02
      26    13-0  6.062178E+00 -9.500000E+00  0.000000E+00 -9.726405E-02  7.672011E-02 -8.913327E-02  4.351192E-02  5.266277E-02 -1.335279E-02  4.434835E-02 -7.121076E-03  3.065014E-03 -4.015179E-02  8.334883E-03 -1.219081E-02  1.968365E-02  2.695829E-02  4.733087E-02  3.456017E-02
      27    13-1  6.062178E+00 -9.500000E+00  0.000000E+00 -3.242030E-02 -1.336672E-02 -2.149945E-02 -2.233817E-02  8.004262E-03  1.629486E-02 -4.498758E-02  1.020265E-02  1.352035E-02 -1.064386E-02 -2.297555E-02 -1.131208E-02 -2.254161E-02 -4.221859E-03 -6.734620E-02 -1.636798E-02
      28    14-0  6.062178E+00 -1.050000E+01  0.000000E+00  1.172440E-03 -3.190796E-02  1.473840E-02 -3.146383E-02 -1.515989E-02  1.653500E-02 -3.146236E-02 -2.027240E-03  5.255750E-03  5.154064E-02 -8.962669E-02 -7.633627E-02  8.774612E-02  6.980129E-02  6.198405E-02  4.749360E-02
      29    14-1  6.062178E+00 -1.050000E+01  0.000000E+00  9.406159E-02 -6.532663E-02  1.132241E-01 -4.374845E-02 -7.586613E-02  1.142363E-02  3.117207E-02  4.784099E-03  1.577679E-02  9.331948E-02  6.316952E-02  4.007743E-02 -6.978220E-02 -3.365275E-02 -5.978169E-02 -1.763180E-02
      30    15-0  6.928203E+00 -1.100000E+01  0.000000E+00  7.912782E-02  9.703534E-02  4.915572E-02  9.495171E-02 -1.643119E-02 -5.814415E-02  5.079008E-02 -7.386925E-03 -3.924541E-02 -2.375225E-02  1.635645E-02  4.931008E-03 -1.216860E-02  3.203404E-02 -1.544712E-03  6.166758E-02
      31    15-1  6.928203E+00 -1.100000E+01  0.000000E+00 -9.664990E-03  3.469224E-02 -2.185330E-02  2.549248E-02  1.731461E-02 -1.046731E-02 -5.083689E-02  1.048220E-02 -6.496938E-03 -1.800142E-02 -3.334927E-03 -2.796170E-02 -1.017812E-02 -2.473939E-02 -2.644034E-02 -7.367263E-02
      32    16-0  6.928203E+00 -1.200000E+01  0.000000E+00 -2.883113E-02  1.005113E-02 -3.382769E-02 -8.714917E-03  1.929659E-02  1.339650E-02 -3.772263E-02 -3.234260E-03  4.862014E-02  1.391304E-02  1.398248E-02 -1.165674E-01 -1.015981E-02  1.099097E-01 -5.229794E-03  6.931194E-02
      33    16-1  6.928203E+00 -1.200000E+01  0.000000E+00 -6.372775E-02 -9.324787E-02 -4.806921E-02 -1.193295E-01  1.434113E-02  8.304965E-02  3.721664E-02  5.944566E-03  9.567288E-02  2.825578E-02 -1.738363E-03  7.170837E-02 -1.044153E-02 -7.609367E-02 -1.897117E-02 -5.523658E-02
      34    17-0  7.794229E+00 -1.250000E+01  0.000000E+00  9.442702E-02 -8.127435E-02  9.988037E-02 -5.574891E-02 -6.372658E-02  2.037770E-02  5.649703E-02 -7.847062E-03 -4.181876E-02  2.814971E-02  5.207206E-03  1.724873E-02 -3.599168E-02  8.981410E-03 -5.563205E-02  3.634907E-02
      35    17-1  7.794229E+00 -1.250000E+01  0.000000E+00  3.502929E-02  6.430969E-03  2.845773E-02  2.145105E-02 -1.253989E-02 -1.839535E-02 -5.661960E-02  1.027967E-02 -2.197839E-02 -5.505244E-04  2.530134E-02 -2.067343E-02  1.648133E-02 -2.413163E-02  5.089535E-02 -6.836473E-02
      36    18-0  7.794229E+00 -1.350000E+01  0.000000E+00  1.355478E-02  3.092534E-02 -6.858972E-03  3.800319E-02  1.361812E-02 -2.267194E-02 -4.372651E-02 -4.775124E-03  3.518232E-02 -4.238524E-02  1.031562E-01 -5.077173E-02 -9.630762E-02  5.083402E-02 -5.362421E-02  2.907206E-02
      37    18-1  7.794229E+00 -1.350000E+01  0.000000E+00 -8.354476E-02  5.248148E-02 -1.196197E-01  4.891418E-02  8.772773E-02 -1.663113E-02  4.313752E-02  7.456772E-03  6.743323E-02 -7.461047E-02 -6.308378E-02  3.741516E-02  5.718606E-02 -5.040887E-02  3.097405E-02 -4.384136E-02
      38    19-0  8.660254E+00 -1.400000E+01  0.000000E+00 -8.051428E-02 -9.054192E-02 -6.145887E-02 -1.040402E-01  2.431093E-02  6.927159E-02  6.164727E-02 -7.616633E-03  8.751053E-03  5.578057E-02 -1.328369E-02  1.016864E-02 -2.933743E-02 -2.439071E-02 -6.512613E-02 -2.488468E-02
      39    19-1  8.660254E+00 -1.400000E+01  0.000000E+00  2.495696E-03 -3.360874E-02  2.011677E-02 -3.063358E-02 -1.897812E-02  1.447206E-02 -6.232924E-02  9.922434E-03 -9.559186E-03  2.183148E-02  3.513127E-02  9.558506E-03  3.219092E-02  1.714010E-03  9.176641E-02  6.177089E-03
      40    20-0  8.660254E+00 -1.500000E+01  0.000000E+00  2.668082E-02 -1.229486E-02  3.838450E-02  6.417048E-03 -2.440609E-02 -1.408802E-02 -4.957764E-02 -6.567864E-03 -2.096944E-02 -5.078638E-02  9.775644E-02  5.947558E-02 -9.400937E-02 -5.181991E-02 -4.571220E-02 -2.464951E-02
      41    20-1  8.660254E+00 -1.500000E+01  0.000000E+00  4.385322E-02  6.692651E-02  5.214174E-02  1.162332E-01 -2.073877E-02 -9.133696E-02  4.893327E-02  9.105365E-03 -4.215510E-02 -9.486239E-02 -6.472738E-02 -2.971441E-02  7.298578E-02  1.950324E-02  4.865185E-02 -4.915523E-04
      42    21-0  9.526279E+00 -1.550000E+01  0.000000E+00 -8.390755E-02  7.616059E-02 -1.062299E-01  6.604346E-02  7.413955E-02 -2.829080E-02  6.689825E-02 -6.905091E-03  5.854917E-02  1.816445E-02 -1.815383E-02 -9.794398E-03  4.447285E-03 -3.891360E-02 -1.671402E-02 -6.949590E-02
      43    21-1  9.526279E+00 -1.550000E+01  0.000000E+00 -3.139916E-02  1.780750E-03 -3.270284E-02 -1.813904E-02  1.663894E-02  1.926695E-02 -6.768383E-02  9.430113E-03  1.887537E-02  1.860687E-02  1.170676E-02  3.705355E-02  1.804517E-02  3.098102E-02  4.883933E-02  8.584217E-02
      44    22-0  9.526279E+00 -1.650000E+01  0.000000E+00 -1.425419E-02 -1.876745E-02  3.560442E-03 -3.711040E-02 -1.324813E-02  2.579277E-02 -5.518711E-02 -8.492068E-03 -5.373312E-02  7.185043E-04  4.585471E-03  1.136082E-01 -7.958087E-03 -1.051138E-01 -3.105094E-03 -4.186334E-02
      45    22-1  9.526279E+00 -1.650000E+01  0.000000E+00  5.244999E-02 -3.655173E-02  1.134572E-01 -5.594902E-02 -9.559570E-02  2.550527E-02  5.441544E-02  1.085861E-02 -1.077819E-01 -3.989352E-03 -7.195759E-03 -6.773656E-02  2.391773E-02  7.087496E-02  2.633087E-02  3.477466E-02
      46    23-0  1.039230E+01 -1.700000E+01  0.000000E+00  6.944128E-02  7.451801E-02  7.018846E-02  1.064451E-01 -3.271275E-02 -7.838619E-02  7.203790E-02 -6.254525E-03  4.388771E-02 -4.892199E-02 -2.216075E-03 -2.110325E-02  3.689670E-02 -1.956734E-02  4.998836E-02 -5.525036E-02
      47    23-1  1.039230E+01 -1.700000E+01  0.000000E+00  5.558182E-03  2.831849E-02 -1.609119E-02  3.442362E-02  1.953785E-02 -1.886492E-02 -7.265568E-02  8.620673E-03  2.719755E-02 -1.052766E-02 -2.786331E-02  3.318896E-02 -1.712748E-02  3.430148E-02 -4.665899E-02  9.248205E-02
      48    24-0  1.039230E+01 -1.800000E+01  0.000000E+00 -1.301859E-02  1.734030E-02 -3.689393E-02  5.174524E-07  2.790709E-02  1.208811E-02 -6.044698E-02 -1.057818E-02 -2.316571E-02  5.302655E-02 -9.052620E-02  6.413239E-02  8.237793E-02 -6.308896E-02  2.612636E-02 -1.882570E-02
      49    24-1  1.039230E+01 -1.800000E+01  0.000000E+00 -2.479601E-02 -3.939139E-02 -5.724241E-02 -1.100855E-01  2.966278E-02  9.962972E-02  5.954942E-02  1.282298E-02 -4.986868E-02  9.562194E-02  5.466546E-02 -4.310334E-02 -4.530154E-02  5.854734E-02 -1.002036E-02  3.683782E-02
      50    25-0  1.125833E+01 -1.850000E+01  0.000000E+00  6.367021E-02 -6.064829E-02  1.053354E-01 -7.373442E-02 -8.229620E-02  3.746368E-02  7.663189E-02 -5.516381E-03 -2.760422E-02 -6.577799E-02  1.880215E-02 -9.954056E-03  3.837752E-02  1.917392E-02  7.564797E-02  8.881691E-03
      51    25-1  1.125833E+01 -1.850000E+01  0.000000E+00  2.401621E-02 -8.792172E-03  3.539181E-02  1.388095E-02 -2.093803E-02 -1.967078E-02 -7.736802E-02  7.519401E-03  7.395118E-04 -3.065887E-02 -4.673127E-02 -4.209043E-03 -4.117781E-02  3.962440E-03 -1.073482E-01  1.178925E-02
      52    26-0  1.125833E+01 -1.950000E+01  0.000000E+00  1.756640E-02  8.084411E-03  2.302210E-03  3.650104E-02  1.137545E-02 -3.000001E-02 -6.537121E-02 -1.286510E-02  3.570746E-02  4.426622E-02 -1.019881E-01 -4.162430E-02  9.626844E-02  3.360282E-02  2.039740E-02  8.737223E-03
      53    26-1  1.125833E+01 -1.950000E+01  0.000000E+00 -2.408312E-02  9.927449E-03 -1.041555E-01  5.691359E-02  1.025592E-01 -3.381085E-02  6.440617E-02  1.497900E-02  6.860144E-02  8.671015E-02  6.411018E-02  1.967874E-02 -7.303410E-02 -5.259835E-03 -2.988067E-02  1.293772E-02
      54    27-0  1.212436E+01 -2.000000E+01  0.000000E+00 -4.932154E-02 -5.193914E-02 -7.611401E-02 -1.029521E-01  4.227952E-02  8.578853E-02  8.079708E-02 -4.396268E-03 -7.521128E-02 -3.929987E-03  2.167753E-02  1.397692E-02  5.188356E-03  4.369716E-02  3.546503E-02  6.763092E-02
      55    27-1  1.212436E+01 -2.000000E+01  0.000000E+00 -1.165347E-02 -1.874090E-02  1.131688E-02 -3.569788E-02 -1.953134E-02  2.293317E-02 -8.178009E-02  6.261979E-03 -3.093656E-02 -1.369147E-02 -2.274257E-02 -4.368182E-02 -2.809003E-02 -3.488656E-02 -7.176593E-02 -8.622020E-02
      56    28-0  1.212436E+01 -2.100000E+01  0.000000E+00  1.471795E-03 -1.611294E-02  3.463490E-02 -4.209308E-03 -3.153132E-02 -1.057270E-02 -6.997925E-02 -1.529614E-02  5.321955E-02 -1.656587E-02 -2.169590E-02 -1.068526E-01  2.402633E-02  9.692068E-02  4.441134E-04  1.173664E-02
      57    28-1  1.212436E+01 -2.100000E+01  0.000000E+00 -4.751809E-03  7.889745E-03  5.632632E-02  9.657491E-02 -3.850593E-02 -1.048526E-01  6.895767E-02  1.722923E-02  1.108552E-01 -2.408652E-02  1.475204E-02  6.225520E-02 -3.570648E-02 -6.298173E-02 -2.450269E-02 -1.196044E-02
      58    29-0  1.299038E+01 -2.150000E+01  0.000000E+00 -3.934403E-02  3.565494E-02 -9.908837E-02  7.723546E-02  8.868858E-02 -4.716400E-02  8.474624E-02 -3.036100E-03 -3.682897E-02  7.051347E-02  6.459236E-04  2.601112E-02 -3.500041E-02  3.042966E-02 -3.643553E-02  6.840251E-02
      59    29-1  1.299038E+01 -2.150000E+01  0.000000E+00 -1.289686E-02  1.393689E-02 -3.550525E-02 -8.559224E-03  2.492969E-02  1.919304E-02 -8.577510E-02  4.852276E-03 -2.728080E-02  2.341842E-02  2.680605E-02 -4.647988E-02  1.457415E-02 -4.496707E-02  3.280414E-02 -1.096790E-01
      60    30-0  1.299038E+01 -2.250000E+01  0.000000E+00 -1.487197E-02  5.658396E-03 -6.567306E-03 -3.202600E-02 -9.326940E-03  3.289551E-02 -7.421954E-02 -1.781416E-02  7.854590E-03 -5.879878E-02  7.566196E-02 -7.418993E-02 -6.680157E-02  7.175376E-02 -3.455010E-03 -1.640154E-03
      61    30-1  1.299038E+01 -2.250000E+01  0.000000E+00 -6.663028E-03  1.948143E-02  8.851730E-02 -5.482722E-02 -1.069180E-01  4.333799E-02  7.312199E-02  1.955659E-02  2.528131E-02 -1.097756E-01 -4.565908E-02  4.674032E-02  3.219206E-02 -6.376178E-02 -7.050217E-03 -2.125553E-02
      62    31-0  1.385641E+01 -2.300000E+01  0.000000E+00  2.032109E-02  2.631710E-02  7.721772E-02  9.389480E-02 -5.218289E-02 -9.102202E-02  8.835148E-02 -1.635808E-03  5.070846E-02  6.763066E-02 -2.439426E-02  1.164660E-02 -4.613228E-02 -1.150658E-02 -7.679913E-02  9.698514E-03
      63    31-1  1.385641E+01 -2.300000E+01  0.000000E+00  1.539124E-02  6.629186E-03 -5.805023E-03  3.473946E-02  1.872865E-02 -2.685910E-02 -8.934581E-02  3.240137E-03  1.161490E-02  3.530982E-02  5.686458E-02 -4.502694E-03  4.866896E-02 -1.256805E-02  1.114252E-01 -3.300096E-02
      64    32-0  1.385641E+01 -2.400000E+01  0.000000E+00  1.177378E-02  1.318441E-02 -2.934635E-02  8.790886E-03  3.433225E-02  7.952861E-03 -7.804651E-02 -2.041763E-02 -4.730638E-02 -3.277639E-02  1.022278E-01  2.373870E-02 -9.465459E-02 -1.607352E-02  9.769765E-03 -2.986910E-03
      65    32-1  1.385641E+01 -2.400000E+01  0.000000E+00  3.519101E-02  1.966749E-02 -5.166727E-02 -7.971331E-02  4.796759E-02  1.084755E-01  7.688556E-02  2.198399E-02 -9.134707E-02 -6.945925E-02 -6.148996E-02 -1.046844E-02  7.002237E-02 -8.344269E-03  6.843945E-03 -1.698460E-02
      66    33-0  1.472243E+01 -2.450000E+01  0.000000E+00  1.354013E-02 -3.770611E-03  8.766879E-02 -7.595961E-02 -9.285953E-02  5.725870E-02  9.145648E-02 -1.269187E-04  8.586151E-02 -1.730621E-02 -2.669882E-02 -1.703615E-02 -1.616126E-02 -4.594176E-02 -5.045309E-02 -5.677199E-02
      67    33-1  1.472243E+01 -2.450000E+01  0.000000E+00  5.533671E-05 -1.600116E-02  3.332038E-02  3.072809E-03 -2.865880E-02 -1.810611E-02 -9.252662E-02  1.462678E-03  4.046273E-02  3.786769E-03  3.574552E-02  4.722381E-02  3.965505E-02  3.590799E-02  9.003822E-02  7.556575E-02
      68    34-0  1.472243E+01 -2.550000E+01  0.000000E+00  1.023534E-02 -1.718720E-02  1.038844E-02  2.625749E-02  6.636811E-03 -3.560732E-02 -8.146122E-02 -2.309904E-02 -4.701643E-02  3.135307E-02  3.650302E-02  9.678502E-02 -3.736218E-02 -8.596004E-02  1.312693E-02  1.578072E-02
      69    34-1  1.472243E+01 -2.550000E+01  0.000000E+00  3.172498E-02 -5.094567E-02 -6.985958E-02  4.716703E-02  1.093188E-01 -5.255071E-02  8.026763E-02  2.448005E-02 -1.040104E-01  5.223636E-02 -2.063880E-02 -5.565665E-02  4.525048E-02  5.290436E-02  1.348546E-02 -8.866775E-03
      70    35-0  1.558846E+01 -2.600000E+01  0.000000E+00  1.366127E-02 -1.446079E-03 -7.330267E-02 -8.054749E-02  6.228750E-02  9.417305E-02  9.411924E-02  1.571418E-03  2.089241E-02 -8.915752E-02 -7.379119E-04 -3.156553E-02  3.028308E-02 -4.086447E-02  1.820010E-02 -7.293740E-02
      71    35-1  1.558846E+01 -2.600000E+01  0.000000E+00 -1.581450E-02  6.555148E-03  3.727814E-04 -3.130869E-02 -1.730098E-02  3.034279E-02 -9.528620E-02 -4.143969E-04  2.187027E-02 -3.589827E-02 -2.201609E-02  5.960076E-02 -8.740421E-03  5.526004E-02 -1.315418E-02  1.163815E-01
      72    36-0  1.558846E+01 -2.700000E+01  0.000000E+00 -2.231492E-02 -6.540024E-03  2.251991E-02 -1.160035E-02 -3.659304E-02 -5.227908E-03 -8.446195E-02 -2.581606E-02  8.632557E-03  5.878093E-02 -5.942970E-02  8.053883E-02  5.048255E-02 -7.662403E-02 -1.030333E-02  2.894842E-02
      73    36-1  1.558846E+01 -2.700000E+01  0.000000E+00 -6.553206E-02 -4.220514E-02  4.167982E-02  5.940611E-02 -5.718087E-02 -1.096005E-01  8.324709E-02  2.698999E-02  3.221373E-03  1.148283E-01  3.657360E-02 -4.827882E-02 -1.858436E-02  6.587861E-02  1.685399E-02 -2.047077E-04
      74    37-0  1.645448E+01 -2.750000E+01  0.000000E+00  9.700030E-03 -3.143638E-02 -7.262810E-02  6.924516E-02  9.492249E-02 -6.723960E-02  9.640296E-02  3.372915E-03 -7.449119E-02 -6.013453E-02  2.955336E-02 -1.521841E-02  5.199691E-02  1.751581E-03  6.836009E-02 -2.656601E-02
      75    37-1  1.645448E+01 -2.750000E+01  0.000000E+00  1.291653E-02  1.481707E-02 -2.877791E-02  2.194309E-03  3.191992E-02  1.634412E-02 -9.757726E-02 -2.378422E-03 -2.555852E-02 -3.464117E-02 -6.470528E-02  1.612331E-02 -5.391251E-02  2.366110E-02 -1.036110E-01  5.222939E-02
      76    38-0  1.645448E+01 -2.850000E+01  0.000000E+00 -2.665155E-03  2.668346E-02 -1.259191E-02 -1.841604E-02 -3.660324E-03  3.740335E-02 -8.702389E-02 -2.853103E-02  5.408947E-02  1.790009E-02 -9.861770E-02 -6.767083E-03  8.951363E-02  8.991981E-05 -3.960013E-02  8.470297E-03
      77    38-1  1.645448E+01 -2.850000E+01  0.000000E+00 -5.040753E-02  7.866947E-02  4.879146E-02 -3.505601E-02 -1.094238E-01  6.169869E-02  8.578839E-02  2.949299E-02  1.071506E-01  4.514481E-02  5.715446E-02  2.521980E-03 -6.421839E-02  2.062312E-02  1.622543E-02  1.166787E-02
      78    39-0  1.732051E+01 -2.900000E+01  0.000000E+00 -4.890648E-02 -1.958243E-02  6.384726E-02  6.411263E-02 -7.209619E-02 -9.512547E-02  9.824358E-02  5.194587E-03 -8.804755E-02  4.268018E-02  3.288454E-02  1.860066E-02  2.780237E-02  4.535939E-02  5.817610E-02  3.942689E-02
      79    39-1  1.732051E+01 -2.900000E+01  0.000000E+00  1.302285E-02 -1.881920E-02  4.534066E-03  2.574483E-02  1.526247E-02 -3.336200E-02 -9.939801E-02 -4.428218E-03 -4.562310E-02  9.735377E-03 -4.988435E-02 -4.724780E-02 -5.195927E-02 -3.367661E-02 -9.935419E-02 -5.685077E-02
      80    40-0  1.732051E+01 -3.000000E+01  0.000000E+00  2.986117E-02 -1.446501E-03 -1.416151E-02  1.317361E-02  3.808701E-02  2.039330E-03 -8.912994E-02 -3.122531E-02  3.596434E-02 -4.296146E-02 -4.830697E-02 -8.408054E-02  4.745931E-02  7.300147E-02 -3.521455E-02 -3.596960E-02
      81    40-1  1.732051E+01 -3.000000E+01  0.000000E+00  9.018510E-02  5.637463E-02 -2.719937E-02 -3.807705E-02  6.599066E-02  1.087157E-01  8.788671E-02  3.198134E-02  8.790192E-02 -7.666803E-02  2.466999E-02  4.839022E-02 -5.212855E-02 -4.124949E-02  4.814891E-03  2.380158E-02
      82    41-0  1.818653E+01 -3.050000E+01  0.000000E+00 -2.789968E-02  6.549212E-02  5.522888E-02 -5.712737E-02 -9.481115E-02  7.680127E-02  9.958778E-02  7.054270E-03  2.190604E-03  1.014772E-01  2.624460E-03  3.731156E-02 -2.289746E-02  5.017888E-02  5.559651E-04  6.770789E-02
      83    41-1  1.818653E+01 -3.050000E+01  0.000000E+00 -2.407547E-02 -1.052555E-02  2.224097E-02 -6.607669E-03 -3.464576E-02 -1.405779E-02 -1.007575E-01 -6.528399E-03 -1.152366E-02  4.577951E-02  1.361840E-02 -7.160500E-02 -2.327858E-04 -6.431459E-02 -7.286872E-03 -1.110853E-01
      84    42-0  1.818653E+01 -3.150000E+01  0.000000E+00 -5.812809E-03 -3.190929E-02  1.322812E-02  9.719181E-03  4.185888E-04 -3.857354E-02 -9.078029E-02 -3.387584E-02 -2.398265E-02 -5.295806E-02  4.276582E-02 -8.299803E-02 -3.433845E-02  7.771951E-02  1.295136E-02 -5.827530E-02
      85    42-1  1.818653E+01 -3.150000E+01  0.000000E+00  6.027737E-02 -9.948777E-02 -2.734988E-02  1.830866E-02  1.074440E-01 -7.007304E-02  8.955148E-02  3.442410E-02 -3.189485E-02 -1.099339E-01 -2.791218E-02  4.779738E-02  5.222584E-03 -6.490375E-02 -1.753562E-02  2.362681E-02
      86    43-0  1.905256E+01 -3.200000E+01  0.000000E+00  8.066578E-02  3.447914E-02 -4.912199E-02 -4.615319E-02  8.129437E-02  9.398658E-02  1.004643E-01  8.959546E-03  9.517689E-02  4.360112E-02 -3.379403E-02  2.051527E-02 -5.547236E-02  9.585672E-03 -5.203516E-02  3.777393E-02
      87    43-1  1.905256E+01 -3.200000E+01  0.000000E+00 -7.454445E-03  2.849482E-02 -8.376768E-03 -1.834513E-02 -1.273512E-02  3.576675E-02 -1.016418E-01 -8.638069E-03  3.884191E-02  2.837565E-02  6.956409E-02 -3.000741E-02  5.628541E-02 -3.662296E-02  8.587570E-02 -6.462176E-02
      88    44-0  1.905256E+01 -3.300000E+01  0.000000E+00 -3.290164E-02  1.012443E-02  5.106831E-03 -1.283103E-02 -3.883433E-02  1.233085E-03 -9.197482E-02 -3.644919E-02 -5.513786E-02 -1.750578E-03  9.152654E-02 -8.407801E-03 -8.138305E-02  1.360522E-02  6.396048E-02 -2.388124E-02
      89    44-1  1.905256E+01 -3.300000E+01  0.000000E+00 -1.060340E-01 -6.204608E-02  8.578835E-03  1.688013E-02 -7.393441E-02 -1.056721E-01  9.077560E-02  3.677982E-02 -1.138247E-01 -1.691550E-02 -5.148866E-02  3.808254E-03  5.604566E-02 -3.097862E-02 -3.510005E-02  2.022097E-03
      90    45-0  1.991858E+01 -3.350000E+01  0.000000E+00  3.925906E-02 -9.390147E-02 -3.705652E-02  3.993654E-02  9.265764E-02 -8.553421E-02  1.008946E-01  1.085572E-02  8.064516E-02 -6.857183E-02 -3.981806E-02 -1.839374E-02 -3.939079E-02 -4.183446E-02 -5.660371E-02 -1.939497E-02
      91    45-1  1.991858E+01 -3.350000E+01  0.000000E+00  3.191314E-02  3.952290E-03 -1.413580E-02  9.780474E-03  3.672154E-02  1.131147E-02 -1.020368E-01 -1.073603E-02  4.527556E-02 -2.488420E-02  6.424441E-02  4.354040E-02  6.414627E-02  2.802883E-02  9.717674E-02  3.464754E-02
      92    46-0  1.991858E+01 -3.450000E+01  0.000000E+00  1.410090E-02  3.273236E-02 -1.202665E-02 -4.728863E-04  2.915930E-03  3.890224E-02 -9.270919E-02 -3.891425E-02 -2.167127E-02  4.977512E-02  5.659608E-02  6.956285E-02 -5.401592E-02 -5.890702E-02  6.160532E-02  4.563931E-02
      93    46-1  1.991858E+01 -3.450000E+01  0.000000E+00 -6.168942E-02  1.095904E-01  6.899839E-03  1.907914E-03 -1.034446E-01  7.750046E-02  9.154428E-02  3.902406E-02 -6.461925E-02  9.414486E-02 -2.677569E-02 -4.093453E-02  5.607923E-02  2.870329E-02 -2.697176E-02 -3.016871E-02
      94    47-0  2.078461E+01 -3.500000E+01  0.000000E+00 -1.046999E-01 -4.224395E-02  2.969908E-02  2.813722E-02 -8.948757E-02 -9.084537E-02  1.008543E-01  1.269780E-02 -2.948111E-02 -1.050416E-01 -6.320727E-03 -4.277431E-02  1.316206E-02 -5.773301E-02 -1.558781E-02 -5.352406E-02
      95    47-1  2.078461E+01 -3.500000E+01  0.000000E+00  1.748773E-04 -3.420374E-02  1.077736E-02  9.671570E-03  9.806768E-03 -3.750214E-02 -1.019464E-01 -1.280272E-02 -2.374880E-03 -5.127091E-02 -1.969496E-03  8.160375E-02  1.199006E-02  7.132213E-02  2.336608E-02  9.466404E-02
      96    48-0  2.078461E+01 -3.600000E+01  0.000000E+00  3.136576E-02 -1.762518E-02  4.068563E-03  1.077871E-02  3.878876E-02 -4.588095E-03 -9.298295E-02 -4.124477E-02  3.606198E-02  4.222492E-02 -2.661976E-02  8.162101E-02  1.924562E-02 -7.527966E-02 -4.625405E-03  8.433174E-02
      97    48-1  2.078461E+01 -3.600000E+01  0.000000E+00  1.100145E-01  5.945108E-02  1.302498E-02  2.470539E-03  8.071618E-02  1.007640E-01  9.186091E-02  4.114419E-02  5.696172E-02  9.578129E-02  2.014141E-02 -4.549511E-02  7.175392E-03  6.102132E-02  9.147582E-03 -4.467838E-02
      98    49-0  2.165064E+01 -3.650000E+01  0.000000E+00 -4.348952E-02  1.126320E-01  1.957323E-02 -1.853194E-02 -8.858285E-02  9.311755E-02  1.003304E-01  1.447951E-02 -1.094047E-01 -1.981544E-02  3.668283E-02 -2.726551E-02  5.619755E-02 -2.188786E-02  3.110470E-02 -4.053105E-02
      99    49-1  2.165064E+01 -3.650000E+01  0.000000E+00 -3.529304E-02  3.720491E-03  5.029753E-03 -1.136099E-02 -3.809701E-02 -8.240087E-03 -1.013784E-01 -1.480789E-02 -4.928025E-02 -1.715284E-02 -7.093153E-02  4.535718E-02 -5.533318E-02  5.069441E-02 -6.213938E-02  6.669906E-02
     100    50-0  2.165064E+01 -3.750000E+01  0.000000E+00 -2.057385E-02 -2.891638E-02  9.089673E-03 -8.470437E-03 -6.224510E-03 -3.847775E-02 -9.280057E-02 -4.341562E-02  5.043765E-02 -1.337182E-02 -8.152676E-02  2.102245E-02  7.095787E-02 -2.442674E-02 -7.881706E-02  4.580325E-02
     101    50-1  2.165064E+01 -3.750000E+01  0.000000E+00  5.563402E-02 -1.071548E-01  1.110687E-02 -2.455976E-02  9.764868E-02 -8.356156E-02  9.174474E-02  4.311317E-02  1.105911E-01 -1.147383E-02  4.495027E-02 -8.277165E-03 -4.605702E-02  3.893577E-02  4.641905E-02 -2.134339E-02
     102    51-0  2.251666E+01 -3.800000E+01  0.000000E+00  1.173860E-01  4.310628E-02 -6.596615E-03 -1.149950E-02  9.637829E-02  8.590530E-02  9.934402E-02  1.618756E-02 -6.405125E-02  9.119282E-02  4.702538E-02  1.625100E-02  5.019692E-02  3.543101E-02  4.559454E-02  9.867586E-04
     103    51-1  2.251666E+01 -3.800000E+01  0.000000E+00  7.552021E-03  3.517705E-02 -1.151664E-02 -3.175234E-04 -6.622300E-03  3.849369E-02 -1.003363E-01 -1.672094E-02 -3.915593E-02  3.937287E-02 -7.788391E-02 -3.612059E-02 -7.533713E-02 -1.901942E-02 -8.325812E-02 -1.418879E-02
     104    52-0  2.251666E+01 -3.900000E+01  0.000000E+00 -2.552134E-02  2.277252E-02 -1.266573E-02 -7.019266E-03 -3.796611E-02  7.820316E-03 -9.217156E-02 -4.540248E-02  6.250572E-03 -5.094385E-02 -6.107752E-02 -5.415337E-02  5.695058E-02  4.457845E-02 -8.712661E-02 -4.377451E-02
     105    52-1  2.251666E+01 -3.900000E+01  0.000000E+00 -1.009705E-01 -5.051316E-02 -3.630643E-02 -1.885688E-02 -8.601191E-02 -9.414275E-02  9.120186E-02  4.488918E-02  3.735077E-02 -1.025075E-01  2.700555E-02  3.376824E-02 -5.701451E-02 -1.599019E-02  4.873540E-02  2.706780E-02
     106    53-0  2.338269E+01 -3.950000E+01  0.000000E+00  4.130666E-02 -1.187830E-01 -4.060670E-03 -5.895665E-03  8.283505E-02 -9.922426E-02  9.791309E-02  1.778369E-02  5.730455E-02  9.876786E-02  1.172320E-02  4.748831E-02 -1.544162E-03  6.297916E-02  2.343723E-02  3.298974E-02
     107    53-1  2.338269E+01 -3.950000E+01  0.000000E+00  3.386845E-02 -1.109825E-02  4.382261E-03  1.120981E-02  3.869498E-02  4.958419E-03 -9.882539E-02 -1.851634E-02  1.783980E-02  5.127327E-02 -1.236371E-02 -8.882143E-02 -2.598184E-02 -7.558242E-02 -3.084335E-02 -7.019151E-02
     108    54-0  2.338269E+01 -4.050000E+01  0.000000E+00  2.408756E-02  2.130395E-02 -4.616456E-03  1.655798E-02  9.363999E-03  3.726575E-02 -9.110992E-02 -4.717797E-02 -4.326119E-02 -2.824126E-02  1.189596E-02 -7.669157E-02 -5.987267E-03  6.974605E-02 -1.223787E-02 -1.024403E-01
     109    54-1  2.338269E+01 -4.050000E+01  0.000000E+00 -4.439514E-02  9.158511E-02 -2.561212E-02  4.808463E-02 -9.029020E-02  8.802965E-02  9.022202E-02  4.644956E-02 -7.522097E-02 -7.448183E-02 -1.366267E-02  4.167900E-02 -1.796016E-02 -5.458194E-02  6.361316E-03  5.949520E-02
     110    55-0  2.424871E+01 -4.100000E+01  0.000000E+00 -1.166961E-01 -3.840490E-02 -1.875803E-02 -2.582958E-03 -1.016363E-01 -7.939111E-02  9.603640E-02  1.923473E-02  1.147788E-01 -8.247509E-03 -3.786597E-02  3.509634E-02 -5.397292E-02  3.446324E-02 -9.754573E-03  3.377796E-02
     111    55-1  2.424871E+01 -4.100000E+01  0.000000E+00 -1.419083E-02 -3.136307E-02  1.045356E-02 -9.024305E-03  3.274331E-03 -3.871568E-02 -9.685584E-02 -2.017065E-02  5.511211E-02  2.429786E-03  6.850998E-02 -6.127137E-02  5.079988E-02 -6.502057E-02  3.746888E-02 -5.707311E-02
     112    56-0  2.424871E+01 -4.200000E+01  0.000000E+00  1.642350E-02 -2.444978E-02  2.007625E-02  1.912634E-03  3.638718E-02 -1.083590E-02 -8.962575E-02 -4.871247E-02 -4.087914E-02  2.535285E-02  6.935878E-02 -3.047896E-02 -5.904725E-02  3.197986E-02  8.205458E-02 -6.940932E-02
     113    56-1  2.424871E+01 -4.200000E+01  0.000000E+00  7.924089E-02  3.763856E-02  5.968620E-02  3.131524E-02  8.957979E-02  8.612615E-02  8.881939E-02  4.779614E-02 -9.820533E-02  3.626862E-02 -3.804086E-02  1.076131E-02  3.490047E-02 -4.417041E-02 -4.837152E-02  4.236419E-02
     114    57-0  2.511474E+01 -4.250000E+01  0.000000E+00 -3.466906E-02  1.110371E-01 -8.351169E-03  3.183521E-02 -7.562831E-02  1.036089E-01  9.371806E-02  2.052827E-02  4.012807E-02 -1.072030E-01 -5.400477E-02 -1.213111E-02 -5.952617E-02 -2.638953E-02 -2.692689E-02  1.186030E-02
     115    57-1  2.511474E+01 -4.250000E+01  0.000000E+00 -2.776516E-02  1.676568E-02 -1.351267E-02 -9.319520E-03 -3.854215E-02 -1.611226E-03 -9.444249E-02 -2.166219E-02  2.792406E-02 -5.098991E-02  8.989193E-02  2.523945E-02  8.468498E-02  6.921320E-03  5.969642E-02  2.925363E-04
     116    58-0  2.511474E+01 -4.350000E+01  0.000000E+00 -2.382628E-02 -1.107807E-02 -1.033884E-03 -2.317872E-02 -1.221572E-02 -3.533733E-02 -8.772656E-02 -4.998753E-02  8.023903E-03  4.652070E-02  6.169439E-02  3.881415E-02 -5.640458E-02 -3.090217E-02  1.067044E-01  3.173667E-02
     117    58-1  2.511474E+01 -4.350000E+01  0.000000E+00  3.062060E-02 -6.426499E-02  3.591011E-02 -7.088179E-02  8.168265E-02 -9.063959E-02  8.703913E-02  4.890479E-02 -9.868719E-03  1.010200E-01 -2.552489E-02 -2.734082E-02  5.502316E-02  3.829705E-03 -6.589921E-02 -1.555514E-02
     118    59-0  2.598076E+01 -4.400000E+01  0.000000E+00  1.019538E-01  3.027978E-02  4.488107E-02  1.324223E-02  1.050936E-01  7.161849E-02  9.098390E-02  2.165203E-02 -8.184381E-02 -8.310431E-02 -1.861551E-02 -5.102631E-02 -1.136634E-02 -6.549590E-02 -2.214148E-02 -9.972612E-03
     119    59-1  2.598076E+01 -4.400000E+01  0.000000E+00  1.868263E-02  2.333969E-02 -7.814372E-03  1.769259E-02  3.286587E-05  3.814155E-02 -9.160603E-02 -2.296738E-02 -3.260780E-02 -4.556152E-02  2.863819E-02  9.264423E-02  4.149667E-02  7.654820E-02  2.726603E-02  4.231360E-02
     120    60-0  2.598076E+01 -4.500000E+01  0.000000E+00 -5.485180E-03  2.221867E-02 -2.581115E-02  4.139873E-03 -3.411872E-02  1.348626E-02 -8.543576E-02 -5.099317E-02  4.475489E-02  1.316225E-02  6.011704E-04  6.870547E-02 -4.792560E-03 -6.173257E-02  3.340559E-02  1.094867E-01
     121    60-1  2.598076E+01 -4.500000E+01  0.000000E+00 -4.705187E-02 -2.369466E-02 -8.147537E-02 -3.935307E-02 -9.120099E-02 -7.700061E-02  8.489346E-02  4.971805E-02  8.456276E-02  4.922507E-02  8.787520E-03 -3.674449E-02  2.658885E-02  4.608123E-02 -2.554595E-02 -6.547017E-02
     122    61-0  2.684679E+01 -4.550000E+01  0.000000E+00  2.559831E-02 -8.985839E-02  1.716033E-02 -5.757650E-02  6.736971E-02 -1.060265E-01  8.786261E-02  2.257531E-02 -1.102615E-01  3.690117E-02  3.709210E-02 -4.355650E-02  4.877402E-02 -4.658766E-02 -7.779728E-03 -1.840868E-02
     123    61-1  2.684679E+01 -4.550000E+01  0.000000E+00  1.823612E-02 -1.966097E-02  2.152256E-02  5.872517E-03  3.754412E-02 -1.687580E-03 -8.836500E-02 -2.405837E-02 -5.528966E-02  1.375274E-02 -6.223271E-02  7.680061E-02 -4.264620E-02  7.870197E-02 -1.704007E-02  3.673625E-02
     124    62-0  2.684679E+01 -4.650000E+01  0.000000E+00  1.965620E-02 -1.268160E-04  7.343317E-03  2.791162E-02  1.464228E-02  3.273553E-02 -8.278756E-02 -5.170298E-02  2.810835E-02 -3.260628E-02 -5.588510E-02  3.638118E-02  4.652457E-02 -3.608145E-02 -7.390318E-02  8.945096E-02
     125    62-1  2.684679E+01 -4.650000E+01  0.000000E+00 -1.714184E-02  2.808014E-02 -4.166733E-02  9.128837E-02 -7.214007E-02  9.125378E-02  8.235419E-02  5.022644E-02  7.883101E-02 -5.432099E-02  3.127436E-02 -1.126570E-02 -2.327915E-02  4.652771E-02  4.106235E-02 -6.076790E-02
     126    63-0  2.771281E+01 -4.700000E+01  0.000000E+00 -7.501395E-02 -2.118092E-02 -6.977425E-02 -1.994611E-02 -1.064406E-01 -6.286743E-02  8.436339E-02  2.326709E-02 -1.190755E-02  1.142547E-01  6.025806E-02  6.118758E-03  6.676044E-02  1.511334E-02  3.936684E-03 -1.638906E-02
     127    63-1  2.771281E+01 -4.700000E+01  0.000000E+00 -1.967356E-02 -1.239672E-02  3.592658E-03 -2.507603E-02 -3.295623E-03 -3.681739E-02 -8.473189E-02 -2.491578E-02 -1.305898E-02  5.795845E-02 -9.944452E-02 -1.136572E-02 -9.142799E-02  7.788000E-03 -3.051241E-02  3.628063E-03
     128    64-0  2.771281E+01 -4.800000E+01  0.000000E+00 -5.555181E-03 -1.619284E-02  2.946306E-02 -1.059721E-02  3.121093E-02 -1.568078E-02 -7.979383E-02 -5.208239E-02 -1.908906E-02 -3.745133E-02 -5.862821E-02 -2.448860E-02  5.273095E-02  1.869529E-02 -1.164012E-01 -1.297879E-02
     129    64-1  2.771281E+01 -4.800000E+01  0.000000E+00  7.959295E-03  1.119693E-02  1.000995E-01  4.291005E-02  9.076589E-02  6.715540E-02  7.945602E-02  5.047417E-02 -1.408093E-02 -9.048361E-02  2.260394E-02  2.204516E-02 -5.036341E-02  7.106131E-03  7.515736E-02 -1.574486E-03
     130    65-0  2.857884E+01 -4.850000E+01  0.000000E+00 -1.718526E-02  5.750306E-02 -2.171060E-02  8.144777E-02 -5.822887E-02  1.064029E-01  8.049445E-02  2.372358E-02  9.975611E-02  5.996261E-02  2.668108E-02  5.302587E-02  2.489085E-02  6.501479E-02  1.163622E-02 -1.118373E-02
     131    65-1  2.857884E+01 -4.850000E+01  0.000000E+00 -6.107140E-03  1.904901E-02 -2.821128E-02 -1.224446E-03 -3.590716E-02  4.754430E-03 -8.073126E-02 -2.553349E-02  4.450721E-02  3.482338E-02 -4.597996E-02 -9.265881E-02 -5.770326E-02 -7.386065E-02 -1.247723E-02 -1.629926E-02
     132    66-0  2.857884E+01 -4.950000E+01  0.000000E+00 -1.195689E-02  1.063357E-02 -1.380687E-02 -3.048049E-02 -1.657338E-02 -2.957162E-02 -7.645673E-02 -5.213141E-02 -4.063330E-02  7.118388E-04 -1.021613E-02 -5.833919E-02  1.262621E-02  5.198544E-02 -5.372037E-02 -1.045523E-01
     133    66-1  2.857884E+01 -4.950000E+01  0.000000E+00  6.136773E-03  1.264487E-02  4.309046E-02 -1.076981E-01  6.206446E-02 -8.971874E-02  7.629810E-02  5.042721E-02 -8.430445E-02 -2.375842E-02 -5.718564E-03  3.115053E-02 -3.265694E-02 -3.612970E-02  4.417173E-02  6.178537E-02
     134    67-0  2.944486E+01 -5.000000E+01  0.000000E+00  3.803656E-02  1.335804E-02  9.223161E-02  2.273871E-02  1.058019E-01  5.360773E-02  7.629698E-02  2.394696E-02  9.634462E-02 -6.234252E-02 -3.422881E-02  5.214395E-02 -4.075438E-02  5.754858E-02  1.807933E-02 -2.907551E-03
     135    67-1  2.944486E+01 -5.000000E+01  0.000000E+00  1.767600E-02  9.740486E-05  1.295910E-03  3.060733E-02  6.135735E-03  3.470308E-02 -7.640455E-02 -2.589368E-02  4.965255E-02 -2.909999E-02  5.226862E-02 -9.100574E-02  3.105460E-02 -9.084857E-02  5.078830E-03 -8.864279E-03
     136    68-0  2.944486E+01 -5.100000E+01  0.000000E+00  1.515720E-02  7.148121E-03 -3.092740E-02  1.685302E-02 -2.780717E-02  1.728974E-02 -7.282269E-02 -5.186547E-02 -1.425540E-02  3.432890E-02  4.203683E-02 -3.855853E-02 -3.427391E-02  3.676849E-02  5.688603E-02 -1.013341E-01
     137    68-1  2.944486E+01 -5.100000E+01  0.000000E+00  3.317745E-02 -2.189326E-03 -1.139931E-01 -4.224200E-02 -8.815081E-02 -5.689902E-02  7.287515E-02  4.997873E-02 -5.568422E-02  6.359655E-02 -2.514492E-02  9.922530E-03  1.190785E-02 -4.603034E-02 -2.648593E-02  7.273694E-02
     138    69-0  3.031089E+01 -5.150000E+01  0.000000E+00  1.019149E-02 -1.789010E-02  2.284382E-02 -1.015849E-01  4.890260E-02 -1.044901E-01  7.181872E-02  2.390309E-02 -1.689591E-02 -1.113748E-01 -6.532161E-02  1.580162E-03 -7.139531E-02 -2.145350E-03  1.916317E-02  1.158775E-02
     139    69-1  3.031089E+01 -5.150000E+01  0.000000E+00 -5.603419E-03 -1.489277E-02  3.241185E-02 -4.273922E-03  3.334062E-02 -7.583494E-03 -7.177647E-02 -2.596195E-02 -3.379475E-03 -5.922474E-02  1.058557E-01 -4.842040E-03  9.493743E-02 -2.445274E-02  8.332399E-04  3.732682E-03
     140    70-0  3.031089E+01 -5.250000E+01  0.000000E+00  1.909089E-03 -1.889236E-02  1.970618E-02  3.074979E-02  1.785499E-02  2.590485E-02 -6.895405E-02 -5.124697E-02  2.542910E-02  2.541703E-02  5.228675E-02  1.204324E-02 -4.647058E-02 -8.656101E-03  1.142226E-01 -7.668194E-03
     141    70-1  3.031089E+01 -5.250000E+01  0.000000E+00  6.807353E-04 -5.309204E-02 -4.055931E-02  1.189065E-01 -5.176432E-02  8.608462E-02  6.909423E-02  4.916432E-02  3.138356E-02  7.309990E-02 -1.860066E-02 -1.819371E-02  4.344554E-02 -1.623201E-02 -7.477874E-02  2.036152E-02
     142    71-0  3.117691E+01 -5.300000E+01  0.000000E+00  2.768189E-03 -8.784355E-03 -1.096895E-01 -2.162375E-02 -1.026817E-01 -4.396858E-02  6.706087E-02  2.355519E-02 -1.087129E-01 -3.241191E-02 -3.552189E-02 -5.321210E-02 -3.830161E-02 -6.143808E-02  6.229679E-03  2.654477E-02
     143    71-1  3.117691E+01 -5.300000E+01  0.000000E+00 -1.110304E-02  1.176926E-02 -7.355796E-03 -3.410552E-02 -8.899290E-03 -3.204385E-02 -6.685029E-02 -2.573144E-02 -5.181228E-02 -2.054838E-02  6.343745E-02  8.867852E-02  7.370005E-02  6.737348E-02 -1.134601E-02 -3.035448E-03
     144    72-0  3.117691E+01 -5.400000E+01  0.000000E+00 -2.176118E-02  3.670940E-03  3.002945E-02 -2.237506E-02  2.392889E-02 -1.829785E-02 -6.484249E-02 -5.022596E-02  3.188453E-02 -1.130948E-02  1.648198E-02  4.640765E-02 -1.724867E-02 -4.133527E-02  6.816115E-02  8.909730E-02
     145    72-1  3.117691E+01 -5.400000E+01  0.000000E+00 -7.157930E-02 -2.586981E-03  1.221906E-01  3.823528E-02  8.344555E-02  4.673405E-02  6.504821E-02  4.812718E-02  7.529293E-02  1.776704E-03  4.537072E-03 -2.539064E-02  3.592194E-02  2.541603E-02 -5.808368E-02 -4.957818E-02
     146    73-0  3.204294E+01 -5.450000E+01  0.000000E+00 -8.500987E-03 -2.462284E-02 -1.969812E-02  1.170449E-01 -3.915936E-02  1.006385E-01  6.202216E-02  2.292984E-02 -7.497063E-02  8.126631E-02  2.927177E-02 -6.033681E-02  3.023745E-02 -6.668839E-02 -1.924117E-02  2.626816E-02
     147    73-1  3.204294E+01 -5.450000E+01  0.000000E+00  1.768782E-02  7.815197E-03 -3.524488E-02  9.768549E-03 -3.055689E-02  9.781490E-03 -6.166487E-02 -2.522597E-02 -3.895701E-02  4.143515E-02 -3.901264E-02  1.030154E-01 -1.642122E-02  1.006335E-01 -3.996971E-03 -2.182699E-02
     148    74-0  3.204294E+01 -5.550000E+01  0.000000E+00  9.307633E-03  2.382118E-02 -2.469781E-02 -2.890120E-02 -1.854206E-02 -2.194385E-02 -6.046647E-02 -4.884832E-02  1.584268E-03 -3.062684E-02 -2.875601E-02  3.707586E-02  2.313628E-02 -3.429323E-02 -3.529835E-02  1.020620E-01
     149    74-1  3.204294E+01 -5.550000E+01  0.000000E+00 -3.311366E-03  8.787005E-02  3.520684E-02 -1.236640E-01  4.174115E-02 -8.021140E-02  6.095389E-02  4.677072E-02  3.250603E-02 -6.349878E-02  2.009614E-02 -6.982079E-03 -1.468886E-03  4.287559E-02  8.112985E-03 -7.573427E-02
     150    75-0  3.290897E+01 -5.600000E+01  0.000000E+00 -4.593938E-02  7.489825E-03  1.227561E-01  1.806841E-02  9.793129E-02  3.486292E-02  5.678039E-02  2.205788E-02  4.248448E-02  9.912371E-02  6.879513E-02 -1.065083E-02  7.307039E-02 -1.186332E-02 -3.814268E-02  1.602798E-03
     151    75-1  3.290897E+01 -5.600000E+01  0.000000E+00  4.379501E-03 -2.123652E-02  1.207209E-02  3.486298E-02  1.060327E-02  2.850437E-02 -5.629473E-02 -2.442618E-02  1.908373E-02  5.462853E-02 -1.086201E-01  2.257499E-02 -9.475799E-02  4.227603E-02  2.415014E-02 -2.130175E-02
     152    76-0  3.290897E+01 -5.700000E+01  0.000000E+00  2.490515E-02 -1.457957E-02 -2.726306E-02  2.646955E-02 -1.986662E-02  1.851837E-02 -5.592563E-02 -4.717507E-02 -2.632224E-02 -1.255698E-02 -4.327779E-02 -2.214455E-03  3.831703E-02  1.321659E-03 -1.005257E-01  2.499129E-02
     153    76-1  3.290897E+01 -5.700000E+01  0.000000E+00  1.018215E-01  2.721283E-03 -1.235523E-01 -3.149299E-02 -7.655673E-02 -3.679111E-02  5.671167E-02  4.485938E-02 -4.005706E-02 -5.210494E-02  1.393827E-02  1.599946E-02 -3.480551E-02  2.308297E-02  6.495908E-02 -3.649325E-02
     154    77-0  3.377499E+01 -5.750000E+01  0.000000E+00  7.322675E-03  6.350912E-02  1.574294E-02 -1.255189E-01  3.049895E-02 -9.412157E-02  5.141257E-02  2.087334E-02  1.077745E-01  4.183931E-03  4.468232E-02  5.141508E-02  5.086451E-02  5.484632E-02 -2.807064E-02 -3.338609E-02
     155    77-1  3.377499E+01 -5.750000E+01  0.000000E+00 -2.350265E-02  1.739168E-03  3.390229E-02 -1.550784E-02  2.645399E-02 -1.187290E-02 -5.075482E-02 -2.327404E-02  5.352442E-02  4.785404E-03 -8.003973E-02 -8.075579E-02 -8.856909E-02 -5.716431E-02  4.013276E-02  1.231025E-02
     156    78-0  3.377499E+01 -5.850000E+01  0.000000E+00 -1.945018E-02 -2.471373E-02  2.784158E-02  2.496691E-02  1.836495E-02  1.762948E-02 -5.132867E-02 -4.511536E-02 -2.023018E-02  1.712410E-02 -1.914842E-02 -3.381348E-02  1.861117E-02  3.064434E-02 -7.287610E-02 -6.665757E-02
     157    78-1  3.377499E+01 -5.850000E+01  0.000000E+00  1.542194E-03 -1.133073E-01 -2.764657E-02  1.219926E-01 -3.215188E-02  7.254860E-02  5.206201E-02  4.257467E-02 -5.975657E-02  1.367864E-02 -5.198140E-03  1.996174E-02 -3.631757E-02 -1.466561E-02  6.405995E-02  3.170744E-02
     158    79-0  3.464102E+01 -5.900000E+01  0.000000E+00  7.919315E-02 -1.143277E-02 -1.268962E-01 -1.123688E-02 -9.011948E-02 -2.551501E-02  4.587019E-02  1.932093E-02  4.921755E-02 -9.139780E-02 -2.234593E-02  6.762573E-02 -1.769816E-02  7.344437E-02  1.126700E-02 -4.733179E-02
     159    79-1  3.464102E+01 -5.900000E+01  0.000000E+00  8.446082E-03  2.813704E-02 -1.862410E-02 -3.417149E-02 -1.278458E-02 -2.511342E-02 -4.501206E-02 -2.179434E-02  2.475505E-02 -4.905264E-02  2.306217E-02 -1.120794E-01 -6.650980E-04 -1.073435E-01  1.390005E-02  5.003990E-02
     160    80-0  3.464102E+01 -6.000000E+01  0.000000E+00 -2.353908E-02  2.411820E-02  2.236442E-02 -2.903332E-02  1.545040E-02 -1.819051E-02 -4.658660E-02 -4.258025E-02  7.878541E-03  2.249267E-02  1.693723E-02 -3.222889E-02 -1.385869E-02  2.910550E-02  1.432424E-02 -9.085178E-02
     161    80-1  3.464102E+01 -6.000000E+01  0.000000E+00 -1.211619E-01 -4.137937E-04  1.184233E-01  2.403090E-02  6.789675E-02  2.792143E-02  4.728584E-02  4.027963E-02 -1.294993E-02  5.495773E-02 -1.649360E-02  2.796256E-03 -7.430177E-03 -3.742171E-02  9.824681E-03  6.902272E-02
     162    81-0  3.550704E+01 -6.050000E+01  0.000000E+00 -1.596611E-02 -9.736076E-02 -7.078874E-03  1.290401E-01 -2.122319E-02  8.673134E-02  4.012353E-02  1.750860E-02 -6.158970E-02 -7.950265E-02 -7.036650E-02  2.068848E-02 -7.159133E-02  2.619123E-02  4.961798E-02 -2.048200E-02
     163    81-1  3.550704E+01 -6.050000E+01  0.000000E+00  3.215250E-02 -1.031142E-02 -3.366657E-02  1.891692E-02 -2.335696E-02  1.240656E-02 -3.913986E-02 -2.007190E-02 -3.187167E-02 -4.492773E-02  1.074444E-01 -4.092278E-02  9.063780E-02 -6.036591E-02 -4.023860E-02  4.584316E-02
     164    82-0  3.550704E+01 -6.150000E+01  0.000000E+00  2.800820E-02  2.199885E-02 -2.958215E-02 -1.987175E-02 -1.771020E-02 -1.349025E-02 -4.162238E-02 -3.973699E-02  2.195698E-02  1.115380E-03  3.237073E-02 -4.436724E-03 -2.907199E-02  2.964648E-03  7.794810E-02 -3.446978E-02
     165    82-1  3.550704E+01 -6.150000E+01  0.000000E+00  1.588279E-03  1.245771E-01  1.999650E-02 -1.126240E-01  2.370195E-02 -6.256632E-02  4.285850E-02  3.763827E-02  3.956704E-02  3.123563E-02 -9.078881E-03 -1.556302E-02  2.507128E-02 -2.734040E-02 -4.777967E-02  4.618748E-02
     166    83-0  3.637307E+01 -6.200000E+01  0.000000E+00 -1.120782E-01  1.395963E-02  1.284894E-01  6.375379E-03  8.218021E-02  1.869026E-02  3.434744E-02  1.551353E-02 -9.753786E-02  2.092978E-02 -5.367642E-02 -4.758103E-02 -6.188264E-02 -4.549518E-02  4.965509E-02  3.074666E-02
     167    83-1  3.637307E+01 -6.200000E+01  0.000000E+00 -1.155126E-02 -2.826354E-02  1.930436E-02  2.911364E-02  1.236282E-02  1.997462E-02 -3.327869E-02 -1.805510E-02 -4.953411E-02  1.019131E-02  9.485593E-02  6.917969E-02  1.014312E-01  4.353252E-02 -6.874622E-02 -1.026908E-02
     168    84-0  3.637307E+01 -6.300000E+01  0.000000E+00  1.960544E-02 -3.020911E-02 -1.693812E-02  2.899195E-02 -1.136368E-02  1.673998E-02 -3.668227E-02 -3.672434E-02  7.841449E-03 -1.745775E-02  1.819655E-02  2.149101E-02 -1.688139E-02 -2.075211E-02  6.597607E-02  4.211777E-02
     169    84-1  3.637307E+01 -6.300000E+01  0.000000E+00  1.251112E-01 -4.923789E-03 -1.058092E-01 -1.537906E-02 -5.719925E-02 -1.946722E-02  3.834626E-02  3.411397E-02  4.093138E-02 -2.071218E-02  7.533734E-03 -1.533269E-02  3.395766E-02  4.596959E-03 -6.047504E-02 -1.216743E-02
     170    85-0  3.723909E+01 -6.350000E+01  0.000000E+00  1.329985E-02  1.137465E-01  4.290318E-03 -1.213063E-01  1.539890E-02 -7.516012E-02  2.866159E-02  1.315670E-02 -2.279815E-02  9.185682E-02  1.369863E-02 -7.354547E-02  3.735358E-03 -7.738288E-02  3.937374E-03  6.220312E-02
     171    85-1  3.723909E+01 -6.350000E+01  0.000000E+00 -2.314021E-02  2.200052E-02  2.490889E-02 -2.422272E-02  1.730962E-02 -1.426904E-02 -2.738711E-02 -1.561845E-02 -9.143596E-03  5.099466E-02 -5.181126E-03  1.176152E-01  1.945549E-02  1.104223E-01 -3.256751E-02 -7.097198E-02
     172    86-0  3.723909E+01 -6.450000E+01  0.000000E+00 -3.147978E-02 -1.545213E-02  2.814352E-02  1.300625E-02  1.585121E-02  8.850400E-03 -3.195179E-02 -3.327250E-02 -1.267552E-02 -1.163713E-02 -7.372115E-03  2.452531E-02  7.049290E-03 -2.182328E-02  1.027720E-03  6.929910E-02
     173    86-1  3.723909E+01 -6.450000E+01  0.000000E+00 -6.879859E-03 -1.236889E-01 -1.194990E-02  9.846435E-02 -1.610473E-02  5.188740E-02  3.311357E-02  3.034761E-02 -1.570217E-05 -4.026860E-02  1.460234E-02  2.204049E-03  1.429420E-02  3.016407E-02 -2.320511E-02 -5.381580E-02
     174    87-0  3.810512E+01 -6.500000E+01  0.000000E+00  1.141760E-01 -2.635103E-02 -1.147462E-01  4.311414E-03 -6.932057E-02 -9.657379E-03  2.285854E-02  1.034857E-02  7.199868E-02  5.562675E-02  6.983110E-02 -3.122284E-02  6.694201E-02 -4.008854E-02 -5.174118E-02  4.114295E-02
     175    87-1  3.810512E+01 -6.500000E+01  0.000000E+00  3.148071E-02  3.067155E-02 -2.729827E-02 -2.717401E-02 -1.480786E-02 -1.751428E-02 -2.133748E-02 -1.287674E-02  4.003891E-02  3.167342E-02 -1.022660E-01  5.892865E-02 -8.254642E-02  7.778747E-02  4.507755E-02 -7.261659E-02
     176    88-0  3.810512E+01 -6.600000E+01  0.000000E+00 -1.100195E-02  3.316343E-02  9.436538E-03 -2.787246E-02  6.768729E-03 -1.534958E-02 -2.709424E-02 -2.921798E-02 -1.339878E-02  6.928616E-03 -2.044806E-02  7.558849E-03  1.959416E-02 -4.073828E-03 -5.086916E-02  3.320812E-02
     177    88-1  3.810512E+01 -6.600000E+01  0.000000E+00 -1.169104E-01  5.996352E-03  8.841854E-02  1.030421E-02  4.548022E-02  1.368426E-02  2.803920E-02  2.716505E-02 -3.090461E-02 -1.411472E-02  4.494672E-03  1.686654E-02 -1.492419E-02  2.884880E-02  2.678101E-02 -4.696745E-02
     178    89-0  3.897114E+01 -6.650000E+01  0.000000E+00 -3.503384E-02 -1.304806E-01  8.908427E-03  1.159237E-01 -6.608599E-03  6.691568E-02  1.686252E-02  7.414472E-03  8.003390E-02 -3.968961E-02  6.201728E-02  4.177644E-02  7.073788E-02  3.380186E-02 -6.676915E-02 -1.962126E-02
     179    89-1  3.897114E+01 -6.650000E+01  0.000000E+00  3.600565E-02 -2.078157E-02 -2.678172E-02  2.032714E-02 -1.589597E-02  1.117618E-02 -1.531117E-02 -1.004215E-02  4.063699E-02 -2.225301E-02 -1.070524E-01 -5.445895E-02 -1.114988E-01 -2.698376E-02  9.203042E-02 -1.966726E-03
     180    90-0  3.897114E+01 -6.750000E+01  0.000000E+00  3.329177E-02  8.379593E-03 -2.634425E-02 -7.410351E-03 -1.411239E-02 -5.513410E-03 -2.193826E-02 -2.506011E-02  3.018159E-03  1.253236E-02 -1.383937E-02 -1.034839E-02  1.243018E-02  1.242247E-02 -4.792632E-02 -2.070879E-02
     181    90-1  3.897114E+01 -6.750000E+01  0.000000E+00  7.064355E-03  1.035038E-01  7.321741E-03 -7.530092E-02  1.058273E-02 -3.802368E-02  2.413748E-02  2.344684E-02 -2.252251E-02  1.887831E-02 -1.126345E-02  1.191453E-02 -2.912957E-02  4.121606E-03  4.763723E-02 -4.730729E-03
     182    91-0  3.983717E+01 -6.800000E+01  0.000000E+00 -1.364749E-01  1.562119E-02  1.100318E-01 -5.118137E-05  6.077392E-02  9.107177E-03  1.111593E-02  4.487059E-03 -5.438524E-04 -8.329362E-02 -3.685125E-03  7.770394E-02  1.096332E-02  7.822572E-02 -2.295256E-02 -6.822697E-02
     183    91-1  3.983717E+01 -6.800000E+01  0.000000E+00 -1.200891E-02 -1.310106E-02  1.660023E-02  1.283193E-02  1.005579E-02  8.817116E-03 -9.590433E-03 -6.927786E-03 -5.575595E-03 -4.720597E-02 -1.374615E-02 -1.192428E-01 -3.908333E-02 -1.095057E-01  5.590920E-02  8.129130E-02
     184    92-0  3.983717E+01 -6.900000E+01  0.000000E+00  4.933012E-03 -2.921510E-02 -4.358135E-03  2.212878E-02 -3.513407E-03  1.167774E-02 -1.714493E-02 -2.104623E-02  1.215558E-02  2.034498E-04  7.002018E-04 -1.465280E-02 -3.141080E-03  1.319336E-02 -6.952658E-03 -4.105712E-02
     185    92-1  3.983717E+01 -6.900000E+01  0.000000E+00  9.101950E-02 -1.171377E-02 -6.385884E-02 -2.546980E-03 -3.185348E-02 -6.916326E-03  1.992373E-02  1.802649E-02  4.592083E-03  2.270672E-02 -1.457071E-02 -7.536426E-03 -1.877120E-02 -2.170263E-02  2.886445E-02  3.302893E-02
     186    93-0  4.070319E+01 -6.950000E+01  0.000000E+00  6.249165E-03  1.004986E-01  9.789717E-04 -8.492835E-02  7.021038E-03 -4.737226E-02  5.777893E-03  1.050820E-03 -7.290754E-02 -3.121594E-02 -6.710459E-02  4.174658E-02 -5.928628E-02  5.282088E-02  4.457557E-02 -5.927335E-02
     187    93-1  4.070319E+01 -6.950000E+01  0.000000E+00  4.922222E-03  4.090685E-02  4.641812E-03 -3.078640E-02  5.761000E-03 -1.619011E-02 -3.936885E-03 -3.245237E-03 -4.263270E-02 -1.695556E-02  9.325775E-02 -7.564750E-02  7.067952E-02 -9.361774E-02 -3.863246E-02  9.634425E-02
     188    94-0  4.070319E+01 -7.050000E+01  0.000000E+00 -2.515212E-02  2.748051E-03  1.904386E-02 -1.544721E-03  1.028206E-02  2.112053E-04 -1.299570E-02 -1.637692E-02  2.412500E-03 -1.018771E-02  8.450143E-03 -7.031386E-03 -1.074452E-02  2.098854E-03  2.451627E-02 -2.053640E-02
     189    94-1  4.070319E+01 -7.050000E+01  0.000000E+00 -9.452061E-03 -8.208707E-02 -2.507840E-03  5.483165E-02 -5.887503E-03  2.677167E-02  1.400927E-02  1.293627E-02  1.641404E-02  3.655744E-03 -6.384964E-04 -1.977531E-02  5.057463E-03 -2.762297E-02 -6.238610E-03  3.817000E-02
     190    95-0  4.156922E+01 -7.100000E+01  0.000000E+00  7.895243E-02 -4.957012E-02 -7.142017E-02  2.180749E-02 -4.104312E-02  4.071307E-03  1.952119E-04 -3.005216E-03 -5.839154E-02  4.992999E-02 -6.924821E-02 -3.418588E-02 -7.693008E-02 -2.032200E-02  7.607865E-02  2.752659E-03
     191    95-1  4.156922E+01 -7.100000E+01  0.000000E+00  5.870640E-02  3.106349E-02 -3.513775E-02 -2.186444E-02 -1.619438E-02 -1.285941E-02  1.987677E-03  6.218092E-04 -2.840181E-02  2.976364E-02  1.159462E-01  3.729158E-02  1.181264E-01  8.201532E-03 -1.058638E-01  2.113340E-02
     192    96-0  4.156922E+01 -7.200000E+01  0.000000E+00  8.363345E-03  2.604930E-02 -4.824022E-03 -1.959066E-02 -1.255920E-03 -1.061761E-02 -8.455005E-03 -1.081000E-02 -1.036351E-02 -3.445991E-03  6.515224E-03  1.224650E-03 -5.795160E-03 -6.284511E-03  2.144322E-02  6.927316E-03
     193    96-1  4.156922E+01 -7.200000E+01  0.000000E+00 -6.246948E-02 -2.371302E-03  3.937242E-02  7.697915E-03  1.841740E-02  7.017423E-03  9.076356E-03  9.878661E-03  8.088721E-03 -9.254259E-03  1.602046E-02 -1.002588E-02  2.228769E-02 -1.090661E-02 -2.774187E-02  1.524008E-02
     194    97-0  4.243524E+01 -7.250000E+01  0.000000E+00 -6.349199E-02 -1.296925E-01  2.454898E-02  9.061398E-02  4.088772E-03  4.728322E-02 -5.753431E-03 -6.747082E-03  1.764164E-02  6.775875E-02 -7.152242E-03 -7.985550E-02 -2.557543E-02 -7.594083E-02  4.148474E-02  6.462175E-02
     195    97-1  4.243524E+01 -7.250000E+01  0.000000E+00  4.945885E-02  1.187933E-03 -2.464015E-02  3.691089E-03 -1.122005E-02  2.249661E-03  7.652731E-03  4.170559E-03  1.731851E-02  3.852472E-02  3.274870E-02  1.168138E-01  5.859757E-02  1.044546E-01 -7.879391E-02 -7.982448E-02
     196    98-0  4.243524E+01 -7.350000E+01  0.000000E+00  2.308876E-02 -4.987143E-03 -1.605343E-02  2.169110E-03 -8.277491E-03  5.753650E-05 -3.238042E-03 -5.698818E-03 -6.369460E-03  9.634538E-03  2.408672E-03  3.039111E-03  2.050089E-03 -4.367282E-03  2.010165E-03  1.130554E-02
     197    98-1  4.243524E+01 -7.350000E+01  0.000000E+00 -2.261385E-03  2.961238E-02  5.274015E-03 -1.743249E-02  4.170515E-03 -7.691997E-03  7.321342E-03  5.316238E-03 -3.644807E-04 -5.742061E-03  1.609888E-02  1.309049E-02  2.045618E-02  1.317502E-02 -2.517350E-02 -1.118547E-02
     198    99-0  4.330127E+01 -7.400000E+01  0.000000E+00 -1.336016E-01 -3.118795E-02  8.005172E-02  2.031616E-02  3.793025E-02  1.356739E-02 -1.073587E-02 -1.094599E-02  6.597621E-02  9.040879E-03  6.081428E-02 -4.911907E-02  4.827543E-02 -6.080800E-02 -3.022586E-02  6.818007E-02
     199    99-1  4.330127E+01 -7.400000E+01  0.000000E+00  3.649352E-02  4.132193E-02 -7.549144E-03 -2.180017E-02  4.878368E-04 -9.260403E-03  1.319885E-02  8.697138E-03  3.816628E-02  2.898480E-03 -8.354292E-02  8.976510E-02 -5.824401E-02  1.072299E-01  2.575025E-02 -1.132414E-01

