#------------------------------------------------------------------------
# Program: Diag Quadratic
#          (c) Amal Medhi <amedhi@iisertvm.ac.in>
#------------------------------------------------------------------------
# job_71954_diag.x_20260122170524_amedhi@isha.local
# Lattice: HONEYCOMB2 (Size = 1x100x1, Sites/unitcell = 100, Boundary = 0-1-0)
# No of sites = 10000
# Model: MKM
# lambda = 0.060000
# eta = 0.250000
# lambda_R = 0.840000
# t = 1.000000
# Results: WaveFunction
#------------------------------------------------------------------------
# wf_0:   psi(25,98,0)        cols: (6,7)
# wf_1:   psi(25,99,0)        cols: (8,9)
# wf_2:   psi(25,100,0)       cols: (10,11)
# wf_3:   psi(25,101,0)       cols: (12,13)
# wf_4:   psi(49,98,0)        cols: (14,15)
# wf_5:   psi(49,99,0)        cols: (16,17)
# wf_6:   psi(49,100,0)       cols: (18,19)
# wf_7:   psi(49,101,0)       cols: (20,21)
#------------------------------------------------------------------------
# basis   label   xcoord        ycoord        zcoord        Re[wf_1]      Im[wf_1]      Re[wf_2]      Im[wf_2]      Re[wf_3]      Im[wf_3]      Re[wf_4]      Im[wf_4]      Re[wf_5]      Im[wf_5]      Re[wf_6]      Im[wf_6]      Re[wf_7]      Im[wf_7]      Re[wf_8]      Im[wf_8]      
#------------------------------------------------------------------------
       0     0-0  0.000000E+00  0.000000E+00  0.000000E+00  1.831823E-02  0.000000E+00 -1.788680E-01 -0.000000E+00  1.788599E-01  0.000000E+00  1.710141E-02 -0.000000E+00  8.745622E-03  0.000000E+00 -4.437614E-03  0.000000E+00 -5.078915E-03  0.000000E+00 -9.962497E-03 -0.000000E+00
       1     0-1  0.000000E+00  0.000000E+00  0.000000E+00 -4.781889E-03  3.865803E-02  4.776282E-02 -3.713188E-01 -4.776169E-02  3.713010E-01 -8.075476E-03  3.247094E-02  2.660317E-02  1.927614E-02 -1.349683E-02 -9.748864E-03 -1.579302E-02 -9.873163E-03 -3.100091E-02 -1.958486E-02
       2     1-0  8.660254E-01 -5.000000E-01  0.000000E+00  2.843649E-03  6.417165E-03 -4.768315E-02  3.727884E-02  4.768255E-02 -3.728575E-02  7.356626E-03 -1.487333E-02 -1.282562E-02  5.760191E-03  6.398506E-03 -2.884364E-03 -8.427618E-03  4.323130E-03 -1.682838E-02  8.548139E-03
       3     1-1  8.660254E-01 -5.000000E-01  0.000000E+00 -6.648009E-03 -4.663262E-04  2.806204E-02 -3.396291E-02 -2.805751E-02  3.396459E-02  1.395600E-03  7.806746E-03 -4.369075E-03 -2.724593E-03  2.193635E-03  1.373867E-03 -1.946639E-03  5.676827E-04 -3.895462E-03  1.047838E-03
       4     2-0  8.660254E-01 -1.500000E+00  0.000000E+00 -1.474750E-02 -1.049868E-03  1.372705E-01  3.624648E-03 -1.372629E-01 -3.623769E-03 -8.840027E-03  7.543561E-04  6.767722E-04 -1.334226E-02 -3.479818E-04  6.809036E-03 -1.340692E-03  7.188236E-03 -2.742853E-03  1.405806E-02
       5     2-1  8.660254E-01 -1.500000E+00  0.000000E+00  6.426595E-03 -2.928302E-02 -3.614786E-02  2.972993E-01  3.614420E-02 -2.972849E-01  9.760180E-04 -2.314871E-02  3.123173E-02 -3.647318E-02 -1.591977E-02  1.864055E-02 -1.619030E-02  2.074101E-02 -3.178033E-02  4.034565E-02
       6     3-0  1.732051E+00 -2.000000E+00  0.000000E+00  2.838425E-03 -1.623878E-02  2.825872E-02 -7.959732E-03 -2.826096E-02  7.974108E-03 -5.833591E-03  1.862654E-02  9.861638E-03  2.831349E-02 -4.972506E-03 -1.421612E-02  6.125291E-03  1.626585E-02  1.198156E-02  3.229669E-02
       7     3-1  1.732051E+00 -2.000000E+00  0.000000E+00  7.940267E-03  3.950901E-03 -4.245808E-03  7.039557E-04  4.238524E-03 -7.068078E-04 -9.644704E-03 -2.822936E-03 -4.718474E-03  8.390817E-03  2.398740E-03 -4.233312E-03  5.881014E-04  4.119139E-03  1.107025E-03  8.207485E-03
       8     4-0  1.732051E+00 -3.000000E+00  0.000000E+00  1.110265E-02  1.950147E-03 -1.157856E-01 -6.530654E-03  1.157793E-01  6.528577E-03  7.178483E-03 -2.506440E-03 -1.747501E-02 -1.886946E-03  9.027593E-03  9.902375E-04  8.662595E-03  2.656336E-03  1.656761E-02  5.173744E-03
       9     4-1  1.732051E+00 -3.000000E+00  0.000000E+00 -7.457272E-03  1.946643E-02  4.319155E-02 -2.408949E-01 -4.318672E-02  2.408843E-01 -1.365241E-03  1.597376E-02 -4.411644E-02 -4.455344E-02  2.282099E-02  2.299304E-02  2.453700E-02  2.379993E-02  4.710912E-02  4.613444E-02
      10     5-0  2.598076E+00 -3.500000E+00  0.000000E+00 -7.889988E-03  2.359006E-02 -3.304879E-02  1.812599E-02  3.305429E-02 -1.814868E-02  9.069225E-03 -3.037356E-02  4.395697E-02 -1.139872E-02 -2.227802E-02  5.802740E-03  2.444334E-02 -6.441053E-03  4.805732E-02 -1.244429E-02
      11     5-1  2.598076E+00 -3.500000E+00  0.000000E+00 -1.188060E-02 -6.012082E-03  1.919115E-02 -1.502954E-02 -1.918028E-02  1.503453E-02  1.108461E-02  7.233228E-03  1.199394E-02  7.587648E-03 -6.102134E-03 -3.887782E-03  6.165010E-03  4.609642E-04  1.214630E-02  1.142794E-03
      12     6-0  2.598076E+00 -4.500000E+00  0.000000E+00 -7.322885E-03 -2.269338E-03  8.994922E-02  8.064513E-03 -8.994340E-02 -8.061507E-03 -4.526695E-06  3.790931E-03 -3.803148E-03  2.139657E-02  2.024269E-03 -1.121797E-02  4.580546E-03 -1.029013E-02  8.850939E-03 -1.948482E-02
      13     6-1  2.598076E+00 -4.500000E+00  0.000000E+00  6.830061E-03 -9.586946E-03 -3.768950E-02  1.926802E-01  3.768311E-02 -1.926729E-01 -3.363731E-03 -7.404629E-03 -5.850285E-02  4.914015E-02  3.070299E-02 -2.584290E-02  3.213884E-02 -2.669848E-02  6.115794E-02 -5.029038E-02
      14     7-0  3.464102E+00 -5.000000E+00  0.000000E+00  1.552606E-02 -3.083943E-02  1.920088E-02 -6.778920E-03 -1.921057E-02  6.810277E-03 -6.747929E-03  3.654598E-02 -1.026049E-02 -5.933875E-02  5.297854E-03  3.046041E-02 -4.878443E-03 -3.274568E-02 -9.124084E-03 -6.352079E-02
      15     7-1  3.464102E+00 -5.000000E+00  0.000000E+00  1.327848E-02  9.286612E-03 -3.969847E-03  3.999175E-03  3.955229E-03 -4.006154E-03 -1.906239E-02 -4.940002E-03  1.070043E-02 -1.493787E-02 -5.566223E-03  7.695526E-03  1.370842E-03 -7.979270E-03  2.815691E-03 -1.546997E-02
      16     8-0  3.464102E+00 -6.000000E+00  0.000000E+00  3.581657E-03  2.024377E-03 -7.450413E-02 -9.736100E-03  7.449922E-02  9.732264E-03 -3.024578E-03 -4.253576E-03  2.463030E-02  6.248263E-03 -1.317625E-02 -3.393518E-03 -1.113901E-02 -6.660205E-03 -2.039036E-02 -1.248359E-02
      17     8-1  3.464102E+00 -6.000000E+00  0.000000E+00 -4.803751E-03 -5.538966E-05  3.847592E-02 -1.543996E-01 -3.846886E-02  1.543955E-01  3.291856E-03 -1.123891E-03  5.150984E-02  7.262726E-02 -2.765314E-02 -3.891884E-02 -2.732823E-02 -4.110134E-02 -5.036453E-02 -7.656135E-02
      18     9-0  4.330127E+00 -6.500000E+00  0.000000E+00 -2.318156E-02  3.658047E-02 -2.169379E-02  8.467381E-03  2.170894E-02 -8.508868E-03  8.698941E-03 -4.605385E-02 -7.380327E-02  6.628417E-03  3.852228E-02 -3.490759E-03 -4.071566E-02  1.731032E-03 -7.757117E-02  2.930925E-03
      19     9-1  4.330127E+00 -6.500000E+00  0.000000E+00 -1.561415E-02 -1.261637E-02  1.197813E-02 -6.625012E-03 -1.195937E-02  6.635086E-03  2.104077E-02  6.430182E-03 -1.730172E-02 -1.434184E-02  9.050700E-03  7.583656E-03 -9.728413E-03 -3.156997E-03 -1.857876E-02 -6.420873E-03
      20    10-0  4.330127E+00 -7.500000E+00  0.000000E+00  9.263801E-05 -1.194776E-03  5.858507E-02  9.251159E-03 -5.858056E-02 -9.246384E-03  9.212839E-03  5.497248E-03  9.131690E-03 -2.736612E-02 -5.081273E-03  1.498067E-02 -9.030910E-03  1.200487E-02 -1.649974E-02  2.158747E-02
      21    10-1  4.330127E+00 -7.500000E+00  0.000000E+00  1.258223E-03  9.267516E-03 -3.370404E-02  1.239382E-01  3.369605E-02 -1.239373E-01 -6.198911E-03  9.243371E-03  8.631035E-02 -5.115858E-02 -4.743195E-02  2.816152E-02 -5.028705E-02  2.610606E-02 -9.123263E-02  4.672519E-02
      22    11-0  5.196152E+00 -8.000000E+00  0.000000E+00  3.233370E-02 -4.117384E-02  1.342857E-02 -4.629940E-03 -1.345049E-02  4.682798E-03 -6.153037E-03  5.333987E-02  6.676046E-04  8.694054E-02 -3.865516E-04 -4.631919E-02 -3.167067E-03  4.824195E-02 -6.397046E-03  8.998684E-02
      23    11-1  5.196152E+00 -8.000000E+00  0.000000E+00  1.650978E-02  1.619616E-02 -3.824634E-03  3.759042E-03  3.800874E-03 -3.772634E-03 -2.803578E-02 -5.407682E-03 -1.805151E-02  1.882619E-02  9.758080E-03 -1.004609E-02 -4.889198E-03  1.094689E-02 -9.432329E-03  2.032117E-02
      24    12-0  5.196152E+00 -9.000000E+00  0.000000E+00 -3.585585E-03 -1.769445E-04 -4.778975E-02 -9.725514E-03  4.778579E-02  9.719841E-03 -1.312952E-02 -5.266001E-03 -2.927412E-02 -1.234039E-02  1.648450E-02  7.063369E-03  1.206378E-02  1.159823E-02  2.072435E-02  2.053721E-02
      25    12-1  5.196152E+00 -9.000000E+00  0.000000E+00  3.620173E-03 -1.784647E-02  3.175157E-02 -9.866407E-02 -3.174304E-02  9.866632E-02  6.146966E-03 -1.822621E-02 -4.826792E-02 -9.905526E-02  2.736224E-02  5.607234E-02  2.322812E-02  5.944501E-02  4.026279E-02  1.046210E-01
      26    13-0  6.062178E+00 -9.500000E+00  0.000000E+00 -4.169727E-02  4.439439E-02 -1.395681E-02  3.865064E-03  1.398760E-02 -3.931375E-03  6.619600E-03 -6.135320E-02  9.820331E-02  7.286844E-03 -5.362929E-02 -3.951590E-03  5.483382E-02  9.540516E-03  9.961605E-02  1.787215E-02
      27    13-1  6.062178E+00 -9.500000E+00  0.000000E+00 -1.742572E-02 -2.005282E-02  7.264872E-03 -3.018662E-03 -7.235551E-03  3.036994E-03  3.067214E-02  5.172658E-03  1.968116E-02  2.190918E-02 -1.074093E-02 -1.214194E-02  1.208921E-02  7.226246E-03  2.198381E-02  1.370420E-02
      28    14-0  6.062178E+00 -1.050000E+01  0.000000E+00  6.835350E-03  2.078471E-03  3.789140E-02  8.710410E-03 -3.788774E-02 -8.703566E-03  1.857010E-02  6.037837E-03 -1.567701E-02  3.050109E-02  9.280172E-03 -1.772936E-02  1.416687E-02 -1.199079E-02  2.411670E-02 -2.003118E-02
      29    14-1  6.062178E+00 -1.050000E+01  0.000000E+00 -9.789984E-03  2.558259E-02 -2.777326E-02  7.917156E-02  2.776402E-02 -7.917729E-02 -7.494279E-03  2.617742E-02 -1.103314E-01  4.299802E-02  6.463850E-02 -2.522422E-02  6.826397E-02 -1.850004E-02  1.159878E-01 -3.069780E-02
      30    15-0  6.928203E+00 -1.100000E+01  0.000000E+00  5.176043E-02 -4.610812E-02  9.365332E-03 -2.733137E-03 -9.407313E-03  2.815212E-03 -3.951747E-03  6.878712E-02  1.684840E-02 -1.072832E-01 -9.449151E-03  6.031045E-02  1.734426E-02 -6.044114E-02  3.123070E-02 -1.065977E-01
      31    15-1  6.928203E+00 -1.100000E+01  0.000000E+00  1.742319E-02  2.386309E-02 -3.305690E-03  2.649831E-03  3.269576E-03 -2.674073E-03 -3.654385E-02 -4.507812E-03  2.559390E-02 -1.966647E-02 -1.461609E-02  1.103069E-02  9.562873E-03 -1.252504E-02  1.737932E-02 -2.184917E-02
      32    16-0  6.928203E+00 -1.200000E+01  0.000000E+00 -9.759763E-03 -4.454299E-03 -3.055828E-02 -8.462508E-03  3.055495E-02  8.454373E-03 -2.291478E-02 -5.382276E-03  3.086639E-02  1.905513E-02 -1.862030E-02 -1.171457E-02 -1.117110E-02 -1.688979E-02 -1.757603E-02 -2.769114E-02
      33    16-1  6.928203E+00 -1.200000E+01  0.000000E+00  1.707604E-02 -3.231724E-02  2.501025E-02 -6.278926E-02 -2.500039E-02  6.279874E-02  7.153205E-03 -3.506165E-02  3.571966E-02  1.197033E-01 -2.178910E-02 -7.294582E-02 -1.218160E-02 -7.641194E-02 -1.918116E-02 -1.246972E-01
      34    17-0  7.794229E+00 -1.250000E+01  0.000000E+00 -6.187781E-02  4.638278E-02 -8.925170E-03  1.674718E-03  8.981670E-03 -1.775538E-03  3.071549E-03 -7.570153E-02 -1.138185E-01 -2.755676E-02  6.617517E-02  1.600552E-02 -6.462209E-02 -2.632022E-02 -1.099822E-01 -4.553974E-02
      35    17-1  7.794229E+00 -1.250000E+01  0.000000E+00 -1.704196E-02 -2.780060E-02  4.421323E-03 -1.452489E-03 -4.377395E-03  1.484324E-03  3.960789E-02  3.303642E-03 -1.899680E-02 -2.905995E-02  1.097684E-02  1.717065E-02 -1.283179E-02 -1.220352E-02 -2.176213E-02 -2.149812E-02
      36    18-0  7.794229E+00 -1.350000E+01  0.000000E+00  1.229585E-02  7.261650E-03  2.433755E-02  7.430424E-03 -2.433448E-02 -7.420605E-03  2.777955E-02  5.528994E-03  2.224161E-02 -3.049934E-02 -1.428831E-02  1.917655E-02 -1.937128E-02  1.009788E-02 -3.013148E-02  1.521884E-02
      37    18-1  7.794229E+00 -1.350000E+01  0.000000E+00 -2.534167E-02  3.788016E-02 -2.176257E-02  5.025052E-02  2.175197E-02 -5.026433E-02 -7.215193E-03  4.284858E-02  1.267923E-01 -2.678847E-02 -8.080773E-02  1.708682E-02 -8.366899E-02  4.228619E-03 -1.304763E-01  5.782880E-03
      38    19-0  8.660254E+00 -1.400000E+01  0.000000E+00  7.208201E-02 -4.508001E-02  6.426529E-03 -1.396343E-03 -6.501529E-03  1.519481E-03 -2.314620E-04  8.265164E-02 -3.888716E-02  1.176643E-01  2.349220E-02 -7.109879E-02 -3.624946E-02  6.737540E-02 -6.013026E-02  1.102486E-01
      39    19-1  8.660254E+00 -1.400000E+01  0.000000E+00  1.597614E-02  3.155546E-02 -2.605192E-03  1.621202E-03  2.551844E-03 -1.662726E-03 -4.443241E-02 -2.501977E-03 -3.209930E-02  1.756582E-02  1.972581E-02 -1.050721E-02 -1.484820E-02  1.237237E-02 -2.502510E-02  1.981501E-02
      40    20-0  8.660254E+00 -1.500000E+01  0.000000E+00 -1.438398E-02 -1.043275E-02 -1.946984E-02 -6.865694E-03  1.946703E-02  6.853868E-03 -3.218223E-02 -4.549603E-03 -2.935168E-02 -2.516557E-02  1.934603E-02  1.697941E-02  8.402890E-03  2.190134E-02  1.166025E-02  3.248422E-02
      41    20-1  8.660254E+00 -1.500000E+01  0.000000E+00  3.439404E-02 -4.215410E-02  1.907749E-02 -3.975651E-02 -1.906612E-02  3.977531E-02  6.364490E-03 -5.129199E-02 -1.671053E-02 -1.313102E-01  1.120476E-02  8.804650E-02 -5.060013E-03  8.968844E-02 -8.275969E-03  1.327833E-01
      42    21-0  9.526279E+00 -1.550000E+01  0.000000E+00 -8.200693E-02  4.232273E-02 -5.699846E-03  6.183132E-04  5.798663E-03 -7.680526E-04 -1.731761E-03 -8.861113E-02  1.186899E-01  5.031430E-02 -7.493910E-02 -3.177215E-02  6.836838E-02  4.688783E-02  1.068228E-01  7.424946E-02
      43    21-1  9.526279E+00 -1.550000E+01  0.000000E+00 -1.441180E-02 -3.522210E-02  2.749524E-03 -7.291703E-04 -2.685129E-03  7.830134E-04  4.759857E-02  7.665075E-04  1.560665E-02  3.461293E-02 -9.679426E-03 -2.223750E-02  1.172100E-02  1.750520E-02  1.804881E-02  2.819899E-02
      44    22-0  9.526279E+00 -1.650000E+01  0.000000E+00  1.597537E-02  1.390246E-02  1.552721E-02  5.971054E-03 -1.552471E-02 -5.956664E-03  3.655450E-02  4.069643E-03 -2.761042E-02  2.755534E-02  1.970574E-02 -1.913901E-02  2.400454E-02 -6.386392E-03  3.329515E-02 -8.209922E-03
      45    22-1  9.526279E+00 -1.650000E+01  0.000000E+00 -4.404210E-02  4.502780E-02 -1.648233E-02  3.169327E-02  1.647010E-02 -3.171804E-02 -5.377998E-03  5.877167E-02 -1.330800E-01  5.971062E-03  9.450046E-02 -4.229364E-03  9.434148E-02  1.558121E-02  1.318251E-01  2.264060E-02
      46    23-0  1.039230E+01 -1.700000E+01  0.000000E+00  9.151367E-02 -3.807628E-02  4.314205E-03 -5.615576E-04 -4.443463E-03  7.430627E-04  4.803100E-03  9.468715E-02  6.127108E-02 -1.169493E-01 -4.067829E-02  7.760326E-02  5.789632E-02 -6.764562E-02  8.701753E-02 -1.004565E-01
      47    23-1  1.039230E+01 -1.700000E+01  0.000000E+00  1.229422E-02  3.859062E-02 -1.930115E-03  8.918466E-04  1.852557E-03 -9.614171E-04 -5.149657E-02  3.775561E-04  3.648749E-02 -1.310801E-02 -2.464967E-02  8.456810E-03  2.012123E-02 -1.034331E-02  3.080046E-02 -1.470228E-02
      48    24-0  1.039230E+01 -1.800000E+01  0.000000E+00 -1.703226E-02 -1.759253E-02 -1.235216E-02 -5.338238E-03  1.235003E-02  5.320712E-03 -4.074110E-02 -2.797099E-03  2.516635E-02  2.952613E-02 -1.853742E-02 -2.243745E-02 -3.916213E-03 -2.601592E-02 -4.255598E-03 -3.393273E-02
      49    24-1  1.039230E+01 -1.800000E+01  0.000000E+00  5.407287E-02 -4.643560E-02  1.420731E-02 -2.502287E-02 -1.419417E-02  2.505482E-02  3.905756E-03 -6.654752E-02 -4.863309E-03  1.320158E-01  3.710856E-03 -1.000169E-01  2.701782E-02 -9.732612E-02  3.621096E-02 -1.272950E-01
      50    25-0  1.125833E+01 -1.850000E+01  0.000000E+00 -1.003560E-01  3.248172E-02 -3.622161E-03  9.534603E-05  3.790394E-03 -3.146875E-04 -7.562363E-03 -9.968540E-02 -1.125516E-01 -7.124590E-02  7.900177E-02  5.004468E-02 -6.501922E-02 -6.904476E-02 -9.102840E-02 -9.796213E-02
      51    25-1  1.125833E+01 -1.850000E+01  0.000000E+00 -9.701815E-03 -4.167825E-02  1.762911E-03 -3.569051E-04 -1.669836E-03  4.464248E-04  5.446412E-02 -2.403890E-03 -1.030351E-02 -3.762725E-02  6.893577E-03  2.690488E-02 -8.728866E-03 -2.249507E-02 -1.168491E-02 -3.241975E-02
      52    26-0  1.125833E+01 -1.950000E+01  0.000000E+00  1.752731E-02  2.142412E-02  9.841525E-03  4.611270E-03 -9.839956E-03 -4.589804E-03  4.463115E-02  1.762558E-03  3.074816E-02 -2.232791E-02 -2.509723E-02  1.755283E-02 -2.747665E-02  1.122105E-03 -3.293455E-02  5.054523E-04
      53    26-1  1.125833E+01 -1.950000E+01  0.000000E+00 -6.426897E-02  4.633234E-02 -1.218084E-02  1.985680E-02  1.216681E-02 -1.989751E-02 -2.066870E-03  7.351734E-02  1.281652E-01  1.526464E-02 -1.044693E-01 -1.248227E-02 -9.860350E-02 -3.914423E-02 -1.198169E-01 -4.848002E-02
      54    27-0  1.212436E+01 -2.000000E+01  0.000000E+00  1.083574E-01 -2.560538E-02  2.813211E-03 -7.616076E-05 -3.031196E-03  3.405785E-04  1.087395E-02  1.046562E-01 -7.972578E-02  1.057515E-01  5.968133E-02 -7.908485E-02 -7.993478E-02  6.058172E-02 -1.062154E-01  7.945763E-02
      55    27-1  1.212436E+01 -2.000000E+01  0.000000E+00  6.673200E-03  4.435600E-02 -1.381369E-03  4.283381E-04  1.269962E-03 -5.432286E-04 -5.753139E-02  3.919466E-03 -3.800138E-02  7.256633E-03  2.896219E-02 -4.985195E-03 -2.474606E-02  6.505982E-03 -3.351617E-02  7.620018E-03
      56    28-0  1.212436E+01 -2.100000E+01  0.000000E+00 -1.744632E-02 -2.531287E-02 -7.797211E-03 -4.033328E-03  7.796374E-03  4.007009E-03 -4.840729E-02 -2.138360E-04 -1.916632E-02 -3.125948E-02  1.619353E-02  2.764952E-02 -1.933311E-03  2.870122E-02 -3.054807E-03  3.172879E-02
      57    28-1  1.212436E+01 -2.100000E+01  0.000000E+00  7.440824E-02 -4.471239E-02  1.038294E-02 -1.563943E-02 -1.036804E-02  1.569087E-02 -4.202668E-05 -8.045831E-02  2.469116E-02 -1.216621E-01 -2.192326E-02  1.077442E-01 -5.164485E-02  9.796180E-02 -5.862894E-02  1.093917E-01
      58    29-0  1.299038E+01 -2.150000E+01  0.000000E+00 -1.153367E-01  1.761226E-02 -2.255912E-03 -1.772881E-04  2.537323E-03 -1.406514E-04 -1.415943E-02 -1.086169E-01  9.687080E-02  8.629431E-02 -7.781967E-02 -6.940540E-02  5.430193E-02  9.035625E-02  6.604638E-02  1.116460E-01
      59    29-1  1.299038E+01 -2.150000E+01  0.000000E+00 -3.269728E-03 -4.660457E-02  1.171702E-03 -1.368064E-04 -1.038740E-03  2.838128E-04  6.006753E-02 -6.101397E-03  4.185618E-03  3.755509E-02 -2.784864E-03 -3.076510E-02  4.038863E-03  2.655607E-02  4.045955E-03  3.327184E-02
      60    30-0  1.299038E+01 -2.250000E+01  0.000000E+00  1.678638E-02  2.917456E-02  6.196724E-03  3.463796E-03 -6.197055E-03 -3.431454E-03  5.177897E-02 -1.272485E-03 -3.096778E-02  1.583257E-02  3.002707E-02 -1.447879E-02  2.931368E-02  5.251173E-03  2.908985E-02  6.256174E-03
      61    30-1  1.299038E+01 -2.250000E+01  0.000000E+00 -8.426954E-02  4.159791E-02 -8.836162E-03  1.234713E-02  8.820627E-03 -1.241176E-02  2.564200E-03  8.670850E-02 -1.127690E-01 -3.266467E-02  1.097593E-01  3.186578E-02  9.544949E-02  6.421095E-02  9.693445E-02  6.616445E-02
      62    31-0  1.385641E+01 -2.300000E+01  0.000000E+00  1.211403E-01 -8.644085E-03  1.745067E-03  2.013152E-04 -2.107213E-03  1.800855E-04  1.765802E-02  1.123517E-01  9.057656E-02 -8.633062E-02 -7.901992E-02  7.520636E-02  9.991071E-02 -4.632254E-02  1.135991E-01 -5.175361E-02
      63    31-1  1.385641E+01 -2.300000E+01  0.000000E+00 -4.357864E-04  4.834911E-02 -9.805867E-04  1.412727E-04  8.223687E-04 -3.289640E-04 -6.235996E-02  7.921956E-03  3.633001E-02 -1.197009E-03 -3.228426E-02  3.139359E-04  2.814469E-02 -1.136055E-03  3.260322E-02 -7.853500E-05
      64    32-0  1.385641E+01 -2.400000E+01  0.000000E+00 -1.555778E-02 -3.292476E-02 -4.892924E-03 -2.986538E-03  4.894768E-03  2.946753E-03 -5.500959E-02  3.067590E-03  1.248724E-02  2.990011E-02 -1.243687E-02 -3.219320E-02  8.630244E-03 -2.956887E-02  8.704705E-03 -2.630173E-02
      65    32-1  1.385641E+01 -2.400000E+01  0.000000E+00  9.363820E-02 -3.704590E-02  7.472446E-03 -9.691000E-03 -7.456500E-03  9.771912E-03 -5.250003E-03 -9.267913E-02 -3.875118E-02  1.018191E-01  4.212626E-02 -1.104502E-01  7.654875E-02 -9.097297E-02  7.065332E-02 -8.274188E-02
      66    33-0  1.472243E+01 -2.450000E+01  0.000000E+00 -1.256415E-01 -1.106408E-03 -1.319135E-03 -3.382826E-04  1.783813E-03 -1.180873E-04 -2.122653E-02 -1.151833E-01 -7.460656E-02 -9.232017E-02  7.126913E-02  8.833971E-02 -3.676039E-02 -1.084201E-01 -3.718215E-02 -1.122967E-01
      67    33-1  1.472243E+01 -2.450000E+01  0.000000E+00  4.373783E-03 -4.956553E-02  8.146420E-04  1.723294E-05 -6.269175E-04  2.218304E-04  6.430488E-02 -1.016983E-02  1.522368E-03 -3.433072E-02 -2.373470E-03  3.347323E-02  1.972878E-03 -2.915984E-02  3.237534E-03 -3.054629E-02
      68    34-0  1.472243E+01 -2.550000E+01  0.000000E+00  1.378239E-02  3.648177E-02  3.874270E-03  2.552437E-03 -3.878491E-03 -2.503539E-03  5.780541E-02 -4.892953E-03  2.804260E-02 -9.275999E-03 -3.409400E-02  1.009759E-02 -2.921100E-02 -1.215875E-02 -2.250737E-02 -1.063092E-02
      69    34-1  1.472243E+01 -2.550000E+01  0.000000E+00 -1.023092E-01  3.114238E-02 -6.316078E-03  7.604135E-03  6.300402E-03 -7.705074E-03  8.297621E-03  9.802117E-02  8.924699E-02  4.260495E-02 -1.097851E-01 -5.251724E-02 -8.466219E-02 -8.831320E-02 -6.785650E-02 -7.177445E-02
      70    35-0  1.558846E+01 -2.600000E+01  0.000000E+00  1.287364E-01  1.144836E-02  9.597310E-04  3.744497E-04 -1.554511E-03  1.702418E-04  2.480587E-02  1.176152E-01 -9.134795E-02  6.222310E-02  9.717646E-02 -6.605995E-02 -1.155376E-01  2.580636E-02 -1.074333E-01  2.319893E-02
      71    35-1  1.558846E+01 -2.600000E+01  0.000000E+00 -8.458959E-03  5.021711E-02 -7.119532E-04 -5.088912E-05  4.899962E-04 -2.530248E-04 -6.584717E-02  1.218451E-02 -3.165951E-02 -3.857664E-03  3.431376E-02  5.237377E-03 -2.986087E-02 -5.312701E-03 -2.822724E-02 -6.316423E-03
      72    36-0  1.558846E+01 -2.700000E+01  0.000000E+00 -1.149415E-02 -3.976781E-02 -3.048444E-03 -2.181813E-03  3.055669E-03  2.121567E-03 -6.039803E-02  6.883114E-03 -6.359418E-03 -2.547109E-02  7.503687E-03  3.569690E-02 -1.555574E-02  2.841813E-02 -1.146291E-02  1.873027E-02
      73    36-1  1.558846E+01 -2.700000E+01  0.000000E+00  1.100932E-01 -2.400326E-02  5.308617E-03 -5.935195E-03 -5.293862E-03  6.060986E-03 -1.144762E-02 -1.029080E-01  4.396693E-02 -7.553081E-02 -6.284671E-02  1.077539E-01 -9.925313E-02  7.655158E-02 -6.951459E-02  5.277940E-02
      74    37-0  1.645448E+01 -2.750000E+01  0.000000E+00 -1.303566E-01 -2.216714E-02 -6.236823E-04 -4.607316E-04  1.383096E-03 -1.876011E-04 -2.843818E-02 -1.192431E-01  4.972817E-02  8.761507E-02 -5.965668E-02 -1.053579E-01  1.370050E-02  1.211325E-01  1.052323E-02  9.954630E-02
      75    37-1  1.645448E+01 -2.750000E+01  0.000000E+00  1.261237E-02 -5.029283E-02  6.036838E-04  1.513162E-04 -3.420965E-04  2.342678E-04  6.710405E-02 -1.442140E-02 -5.668980E-03  2.838141E-02  8.222273E-03 -3.477481E-02 -8.777455E-03  2.992643E-02 -8.610887E-03  2.475714E-02
      76    38-0  1.645448E+01 -2.850000E+01  0.000000E+00  8.737730E-03  4.271091E-02  2.401896E-03  1.859311E-03 -2.413717E-03 -1.785436E-03  6.255839E-02 -8.933405E-03 -2.224400E-02  3.859552E-03  3.696344E-02 -4.695446E-03  2.706786E-02  1.895686E-02  1.448893E-02  1.166117E-02
      77    38-1  1.645448E+01 -2.850000E+01  0.000000E+00 -1.168189E-01  1.577033E-02 -4.459225E-03  4.617193E-03  4.446889E-03 -4.773379E-03  1.486258E-02  1.071884E-01 -6.120820E-02 -4.268349E-02  1.043781E-01  7.292383E-02  6.684170E-02  1.090345E-01  3.850902E-02  6.383701E-02
      78    39-0  1.732051E+01 -2.900000E+01  0.000000E+00  1.304602E-01  3.304636E-02  3.301752E-04  5.119763E-04 -1.297850E-03  2.574437E-04  3.195565E-02  1.203502E-01  8.116912E-02 -3.766733E-02 -1.127190E-01  5.216012E-02  1.249499E-01 -6.730806E-04  8.872402E-02  1.863192E-04
      79    39-1  1.732051E+01 -2.900000E+01  0.000000E+00 -1.674606E-02  4.978649E-02 -5.489898E-04 -2.107044E-04  2.420200E-04 -2.776328E-04 -6.790535E-02  1.650448E-02  2.464358E-02  6.864468E-03 -3.485002E-02 -1.127682E-02  2.961084E-02  1.225779E-02  2.125387E-02  1.018922E-02
      80    40-0  1.732051E+01 -3.000000E+01  0.000000E+00 -5.567965E-03 -4.524641E-02 -1.880978E-03 -1.584238E-03  1.898531E-03  1.493112E-03 -6.445178E-02  1.104652E-02  1.907668E-03  1.848170E-02 -1.725092E-03 -3.786983E-02  2.205536E-02 -2.525929E-02  1.068379E-02 -1.052329E-02
      81    40-1  1.732051E+01 -3.000000E+01  0.000000E+00  1.223381E-01 -6.609065E-03  3.727814E-03 -3.567607E-03 -3.719400E-03  3.761738E-03 -1.832939E-02 -1.108998E-01 -3.871076E-02  4.682344E-02  8.256273E-02 -9.970255E-02  1.174687E-01 -5.568798E-02  5.511181E-02 -2.560216E-02
      82    41-0  1.818653E+01 -3.050000E+01  0.000000E+00 -1.290414E-01 -4.386274E-02 -3.199627E-05 -5.871136E-04  1.262317E-03 -3.232148E-04 -3.545136E-02 -1.207338E-01 -2.656966E-02 -7.218292E-02  4.369475E-02  1.191149E-01  1.294866E-02 -1.269215E-01  8.295126E-03 -7.573754E-02
      83    41-1  1.818653E+01 -3.050000E+01  0.000000E+00  2.077805E-02 -4.870809E-02  4.899317E-04  2.999476E-04 -1.310603E-04  3.174821E-04  6.842703E-02 -1.865162E-02  7.363795E-03 -2.055867E-02 -1.434523E-02  3.452630E-02  1.574996E-02 -2.866736E-02  1.091042E-02 -1.703828E-02
      84    42-0  1.818653E+01 -3.150000E+01  0.000000E+00  2.048449E-03  4.731826E-02  1.471203E-03  1.351391E-03 -1.497205E-03 -1.240140E-03  6.592788E-02 -1.320907E-02  1.429863E-02 -5.836951E-04 -3.839434E-02 -1.358828E-03 -2.299915E-02 -2.500238E-02 -6.628383E-03 -9.069039E-03
      85    42-1  1.818653E+01 -3.150000E+01  0.000000E+00 -1.265279E-01 -3.295306E-03 -3.112132E-03  2.733890E-03  3.110514E-03 -2.973975E-03  2.194734E-02  1.140053E-01  3.293180E-02  3.211443E-02 -9.380064E-02 -9.158517E-02 -4.334450E-02 -1.242750E-01 -1.486361E-02 -4.362467E-02
      86    43-0  1.905256E+01 -3.200000E+01  0.000000E+00  1.261241E-01  5.439601E-02 -2.571634E-04  6.579391E-04 -1.304426E-03  4.152167E-04  3.874494E-02  1.205295E-01 -6.091954E-02  1.691463E-02  1.244166E-01 -3.440275E-02 -1.269107E-01 -2.691127E-02 -6.101505E-02 -1.343686E-02
      87    43-1  1.905256E+01 -3.200000E+01  0.000000E+00 -2.462459E-02  4.707807E-02 -4.667015E-04 -3.878352E-04  4.944998E-05 -3.914551E-04 -6.849543E-02  2.067789E-02 -1.629845E-02 -7.121197E-03  3.381009E-02  1.737159E-02 -2.731536E-02 -1.905173E-02 -1.307235E-02 -1.067353E-02
      88    44-0  1.905256E+01 -3.300000E+01  0.000000E+00  1.749712E-03 -4.888036E-02 -1.142329E-03 -1.155989E-03  1.178979E-03  1.018539E-03 -6.708529E-02  1.535733E-02  3.171316E-05 -9.846340E-03 -4.499437E-03  3.852544E-02 -2.751067E-02  2.031386E-02 -6.439183E-03  3.313651E-03
      89    44-1  1.905256E+01 -3.300000E+01  0.000000E+00  1.292941E-01  1.374162E-02  2.586316E-03 -2.067819E-03 -2.594736E-03  2.365733E-03 -2.556324E-02 -1.164751E-01  2.307237E-02 -2.005425E-02 -9.982587E-02  8.676829E-02 -1.293440E-01  3.006679E-02 -3.003299E-02  6.735932E-03
      90    45-0  1.991858E+01 -3.350000E+01  0.000000E+00 -1.217661E-01 -6.443117E-02  5.733256E-04 -7.446157E-04  1.404740E-03 -5.160604E-04 -4.191903E-02 -1.196688E-01  9.125731E-03  4.774409E-02 -2.444482E-02 -1.285185E-01 -4.084271E-02  1.249224E-01 -1.523276E-02  4.544899E-02
      91    45-1  1.991858E+01 -3.350000E+01  0.000000E+00  2.820853E-02 -4.492927E-02  4.447706E-04  4.983290E-04  3.811028E-05  4.839192E-04  6.827268E-02 -2.265110E-02 -6.123009E-03  1.200086E-02  2.030221E-02 -3.270667E-02 -2.223692E-02  2.540746E-02 -9.599011E-03  8.914415E-03
      92    46-0  1.991858E+01 -3.450000E+01  0.000000E+00 -5.749415E-03  4.989739E-02  8.813768E-04  9.942399E-04 -9.328614E-04 -8.274575E-04  6.784697E-02 -1.752162E-02 -5.271927E-03  8.508145E-05  3.825856E-02  7.643422E-03  1.732348E-02  2.972272E-02  4.886088E-04  3.311777E-03
      93    46-1  1.991858E+01 -3.450000E+01  0.000000E+00 -1.305725E-01 -2.451708E-02 -2.142861E-03  1.532984E-03  2.166266E-03 -1.899995E-03  2.921243E-02  1.183343E-01 -8.675431E-03 -1.186020E-02  7.872511E-02  1.071338E-01  1.613910E-02  1.324822E-01  1.726716E-03  1.489797E-02
      94    47-0  2.078461E+01 -3.500000E+01  0.000000E+00  1.160546E-01  7.376403E-02 -9.160445E-04  8.403838E-04 -1.585785E-03  6.337320E-04  4.482213E-02  1.181986E-01  3.309125E-02 -3.538813E-03 -1.313378E-01  1.399342E-02  1.209502E-01  5.448839E-02  2.967015E-02  1.364886E-02
      95    47-1  2.078461E+01 -3.500000E+01  0.000000E+00 -3.145658E-02  4.230548E-02 -4.448082E-04 -6.291253E-04 -1.100196E-04 -6.066479E-04 -6.762596E-02  2.450341E-02  7.839009E-03  4.381470E-03 -3.123550E-02 -2.308273E-02  2.310950E-02  2.505298E-02  5.313036E-03  7.588583E-03
      96    48-0  2.078461E+01 -3.600000E+01  0.000000E+00  9.869328E-03 -5.034569E-02 -6.708343E-04 -8.636960E-04  7.418442E-04  6.571748E-04 -6.825252E-02  1.960821E-02  9.529219E-04  7.377158E-04  1.073404E-02 -3.759649E-02  3.140689E-02 -1.399166E-02 -4.951987E-04  1.472775E-03
      97    48-1  2.078461E+01 -3.600000E+01  0.000000E+00  1.303307E-01  3.540185E-02  1.764422E-03 -1.098059E-03 -1.809695E-03  1.552919E-03 -3.280044E-02 -1.195262E-01  1.150981E-03 -7.925155E-04  1.133774E-01 -6.981022E-02  1.336691E-01 -1.886111E-03 -9.696335E-04 -1.405785E-05
      98    49-0  2.165064E+01 -3.650000E+01  0.000000E+00 -1.091063E-01 -8.220538E-02  1.313567E-03 -9.512390E-04  1.844947E-03 -7.654198E-04 -4.750399E-02 -1.161350E-01 -4.030792E-04 -1.746149E-02  3.232401E-03  1.328173E-01  6.747579E-02 -1.150753E-01  8.664094E-03 -1.456671E-02
      99    49-1  2.165064E+01 -3.650000E+01  0.000000E+00  3.430371E-02 -3.926045E-02  4.493187E-04  7.902133E-04  1.842456E-04  7.630409E-04  6.667854E-02 -2.621523E-02  1.949135E-03 -3.949450E-03 -2.566462E-02  2.941911E-02  2.762712E-02 -2.038300E-02  4.874363E-03 -1.992749E-03
     100    50-0  2.165064E+01 -3.750000E+01  0.000000E+00 -1.402537E-02  5.021371E-02  5.011112E-04  7.584272E-04 -5.970029E-04 -5.096720E-04  6.829237E-02 -2.166609E-02 -3.603153E-03 -2.532699E-03 -3.655121E-02 -1.371734E-02 -1.052876E-02 -3.267828E-02  2.715536E-03  4.511799E-03
     101    50-1  2.165064E+01 -3.750000E+01  0.000000E+00 -1.285687E-01 -4.617371E-02 -1.442920E-03  7.404689E-04  1.517613E-03 -1.298671E-03  3.630399E-02  1.201082E-01 -8.012596E-03 -1.551980E-02 -6.018012E-02 -1.184451E-01  1.240583E-02 -1.328210E-01 -1.765094E-03  1.685645E-02
     102    51-0  2.251666E+01 -3.800000E+01  0.000000E+00  1.010639E-01  8.958491E-02 -1.777975E-03  1.075976E-03 -2.203866E-03  9.107854E-04  4.985747E-02  1.134752E-01 -1.389985E-03 -1.441495E-04  1.329262E-01  7.649166E-03 -1.074196E-01 -7.957406E-02 -7.856167E-04 -5.685008E-04
     103    51-1  2.251666E+01 -3.800000E+01  0.000000E+00 -3.669275E-02  3.585713E-02 -4.663267E-04 -9.892062E-04 -2.502125E-04 -9.589605E-04 -6.535074E-02  2.778793E-02 -4.829544E-04  1.104101E-03  2.728909E-02  2.800038E-02 -1.732900E-02 -2.969621E-02  4.836831E-04 -1.476597E-03
     104    52-0  2.251666E+01 -3.900000E+01  0.000000E+00  1.813293E-02 -4.950219E-02 -3.595257E-04 -6.814648E-04  4.911456E-04  3.726957E-04 -6.794919E-02  2.359227E-02 -4.781312E-03  7.601736E-03 -1.654138E-02  3.514046E-02 -3.338890E-02  6.847046E-03  8.796082E-03 -2.905838E-03
     105    52-1  2.251666E+01 -3.900000E+01  0.000000E+00  1.253188E-01  5.661274E-02  1.164082E-03 -4.362290E-04 -1.282882E-03  1.127185E-03 -3.968676E-02 -1.200204E-01 -3.074113E-02  1.274899E-02 -1.222492E-01  5.000578E-02 -1.300079E-01 -2.637985E-02  3.194316E-02  6.800284E-03
     106    53-0  2.338269E+01 -3.950000E+01  0.000000E+00 -9.209362E-02 -9.575504E-02  2.337116E-03 -1.216463E-03  2.674749E-03 -1.071638E-03 -5.189220E-02 -1.102886E-01  1.932158E-03 -1.456689E-02  1.845914E-02 -1.316608E-01 -9.045250E-02  9.813431E-02  1.029193E-02 -1.090904E-02
     107    53-1  2.338269E+01 -3.950000E+01  0.000000E+00  3.857670E-02 -3.216587E-02  4.873872E-04  1.236039E-03  3.155910E-04  1.206366E-03  6.372090E-02 -2.915246E-02  4.668155E-03 -2.451281E-03  3.004974E-02 -2.488278E-02 -3.141789E-02  1.401640E-02  2.371842E-03 -2.362407E-03
     108    54-0  2.338269E+01 -4.050000E+01  0.000000E+00 -2.210803E-02  4.822442E-02  2.429232E-04  6.222065E-04 -4.142579E-04 -2.530228E-04  6.728401E-02 -2.543803E-02  1.112444E-02  7.599915E-03  3.339104E-02  1.915579E-02  3.219133E-03  3.361037E-02 -2.363942E-03 -1.288486E-02
     109    54-1  2.338269E+01 -4.050000E+01  0.000000E+00 -1.206453E-01 -6.650628E-02 -9.235105E-04  1.740208E-04  1.096006E-03 -1.019010E-03  4.286733E-02  1.193324E-01  1.486579E-02  4.627942E-02  3.946821E-02  1.247270E-01 -3.977744E-02  1.252657E-01  1.496528E-02 -4.553777E-02
     110    55-0  2.424871E+01 -4.100000E+01  0.000000E+00  8.238123E-02  1.005939E-01 -3.014778E-03  1.369678E-03 -3.283987E-03  1.242891E-03  5.355388E-02  1.065453E-01 -2.986026E-02 -6.547688E-03 -1.290447E-01 -2.900691E-02  8.745487E-02  9.992764E-02 -2.004540E-02 -2.335670E-02
     111    55-1  2.424871E+01 -4.100000E+01  0.000000E+00 -3.991911E-02  2.826332E-02 -5.134451E-04 -1.541947E-03 -3.745753E-04 -1.512318E-03 -6.176558E-02  3.035289E-02 -4.745555E-03 -8.627348E-03 -2.224196E-02 -3.177657E-02  1.047458E-02  3.255416E-02 -3.180018E-03 -6.506216E-03
     112    56-0  2.424871E+01 -4.200000E+01  0.000000E+00  2.587007E-02 -4.640533E-02 -1.344753E-04 -5.917287E-04  3.714412E-04  1.330931E-04 -6.621345E-02  2.711048E-02  1.089382E-02 -1.405971E-02  2.151773E-02 -3.133498E-02  3.329964E-02  4.807236E-04 -1.686014E-02  7.390881E-04
     113    56-1  2.424871E+01 -4.200000E+01  0.000000E+00  1.146423E-01  7.565290E-02  7.030699E-04  6.862579E-05 -9.606789E-04  9.752067E-04 -4.587424E-02 -1.180004E-01  6.157599E-02 -1.434196E-02  1.258416E-01 -2.875633E-02  1.187460E-01  5.224869E-02 -5.694095E-02 -2.571214E-02
     114    57-0  2.511474E+01 -4.250000E+01  0.000000E+00 -7.212840E-02 -1.040080E-01  3.846745E-03 -1.536904E-03  4.059813E-03 -1.427495E-03 -5.480497E-02 -1.023490E-01 -1.351849E-02  4.396693E-02 -3.910751E-02  1.251280E-01  1.077478E-01 -7.558736E-02 -3.799827E-02  2.608007E-02
     115    57-1  2.511474E+01 -4.250000E+01  0.000000E+00  4.069519E-02 -2.423047E-02  5.387535E-04  1.923653E-03  4.281339E-04  1.896384E-03  5.951309E-02 -3.129148E-02 -1.283017E-02  6.338630E-03 -3.315147E-02  1.941525E-02  3.326976E-02 -6.870393E-03 -1.073560E-02  3.306019E-03
     116    58-0  2.511474E+01 -4.350000E+01  0.000000E+00 -2.934221E-02  4.408219E-02  4.559504E-05  5.726454E-04 -3.424198E-04 -2.683863E-05  6.488340E-02 -2.864064E-02 -1.631387E-02 -1.451696E-02 -2.901092E-02 -2.358426E-02  3.950675E-03 -3.246954E-02 -1.442363E-03  2.018068E-02
     117    58-1  2.511474E+01 -4.350000E+01  0.000000E+00 -1.074328E-01 -8.386775E-02 -5.089893E-04 -2.943740E-04  8.595813E-04 -9.793021E-04  4.856022E-02  1.160834E-01 -1.126401E-02 -7.608839E-02 -1.806135E-02 -1.255842E-01  6.359070E-02 -1.106027E-01 -3.863646E-02  6.566740E-02
     118    59-0  2.598076E+01 -4.400000E+01  0.000000E+00  6.154820E-02  1.059344E-01 -4.868878E-03  1.708345E-03 -5.037862E-03  1.613864E-03  5.565700E-02  9.765773E-02  5.641276E-02  2.255124E-02  1.199867E-01  4.858401E-02 -6.285478E-02 -1.137950E-01  2.886675E-02  5.347423E-02
     119    59-1  2.598076E+01 -4.400000E+01  0.000000E+00 -4.089218E-02  2.015116E-02 -5.608156E-04 -2.394447E-03 -4.720531E-04 -2.368748E-03 -5.700417E-02  3.204033E-02  7.180775E-03  1.713619E-02  1.645177E-02  3.415317E-02 -3.158236E-03 -3.338407E-02  2.271458E-03  1.482307E-02
     120    60-0  2.598076E+01 -4.500000E+01  0.000000E+00  3.245473E-02 -4.130152E-02  6.071682E-05 -5.848928E-04  3.571110E-04 -9.014077E-05 -6.312522E-02  2.997900E-02 -1.834170E-02  1.783281E-02 -2.532526E-02  2.646360E-02 -3.119661E-02 -7.336679E-03  2.312846E-02  4.541056E-03
     121    60-1  2.598076E+01 -4.500000E+01  0.000000E+00  9.916503E-02  9.098469E-02  3.069802E-04  5.262115E-04 -8.170169E-04  1.040757E-03 -5.103271E-02 -1.135826E-01 -8.929322E-02  5.828717E-03 -1.239713E-01  7.574769E-03 -1.010490E-01 -7.349850E-02  7.122827E-02  5.290104E-02
     122    61-0  2.684679E+01 -4.550000E+01  0.000000E+00 -5.086062E-02 -1.063417E-01  6.135885E-03 -1.885226E-03  6.269226E-03 -1.804655E-03 -5.600983E-02 -9.259127E-02  3.327387E-02 -6.679202E-02  5.727352E-02 -1.137208E-01 -1.179260E-01  4.949531E-02  6.903675E-02 -2.814311E-02
     123    61-1  2.684679E+01 -4.550000E+01  0.000000E+00  4.050967E-02 -1.611015E-02  5.702012E-04  2.983456E-03  4.995244E-04  2.960454E-03  5.420239E-02 -3.248782E-02  2.137373E-02 -7.270171E-03  3.476485E-02 -1.340703E-02 -3.304331E-02 -4.132481E-04  1.858614E-02 -6.837254E-04
     124    62-0  2.684679E+01 -4.650000E+01  0.000000E+00 -3.514459E-02  3.812215E-02 -1.384335E-04  6.067676E-04 -3.637411E-04  1.990071E-04  6.119033E-02 -3.109140E-02  1.857440E-02  2.219534E-02  2.373917E-02  2.670851E-02 -1.034649E-02  2.942082E-02  7.900868E-03 -2.499280E-02
     125    62-1  2.684679E+01 -4.650000E+01  0.000000E+00 -9.000999E-02 -9.686290E-02 -1.283894E-04 -7.647021E-04  7.933245E-04 -1.148384E-03  5.306609E-02  1.105063E-01 -1.669109E-03  1.007299E-01 -2.517061E-03  1.210490E-01 -8.184618E-02  9.034372E-02  6.795622E-02 -7.349936E-02
     126    63-0  2.771281E+01 -4.700000E+01  0.000000E+00  4.028790E-02  1.052309E-01 -7.695637E-03  2.045760E-03 -7.800750E-03  1.977076E-03  5.596388E-02  8.711577E-02 -7.478100E-02 -4.523048E-02 -1.064524E-01 -6.502689E-02  3.588508E-02  1.200983E-01 -2.416135E-02 -8.386997E-02
     127    63-1  2.771281E+01 -4.700000E+01  0.000000E+00 -3.955965E-02  1.219132E-02 -5.649904E-04 -3.705955E-03 -5.086784E-04 -3.685024E-03 -5.123293E-02  3.271829E-02 -6.622142E-03 -2.540405E-02 -1.033410E-02 -3.498257E-02 -3.962839E-03  3.215381E-02  2.011206E-03 -2.186725E-02
     128    64-0  2.771281E+01 -4.800000E+01  0.000000E+00  3.735850E-02 -3.460715E-02  2.770000E-04 -6.578283E-04  4.474116E-04 -3.223984E-04 -5.880476E-02  3.203612E-02  2.594053E-02 -1.855519E-02  2.771909E-02 -2.089296E-02  2.734471E-02  1.312111E-02 -2.640233E-02 -1.181486E-02
     129    64-1  2.771281E+01 -4.800000E+01  0.000000E+00  8.015763E-02  1.013849E-01 -1.007037E-04  1.025258E-03 -8.554340E-04  1.309091E-03 -5.486046E-02 -1.069533E-01  1.099931E-01  1.084788E-02  1.168859E-01  1.203580E-02  7.873340E-02  8.840785E-02 -7.224212E-02 -8.283231E-02
     130    65-0  2.857884E+01 -4.850000E+01  0.000000E+00 -3.004971E-02 -1.026355E-01  9.639862E-03 -2.188326E-03  9.722371E-03 -2.130427E-03 -5.532996E-02 -8.133631E-02 -5.792231E-02  8.015743E-02 -7.171647E-02  9.832383E-02  1.202957E-01 -2.226798E-02 -9.730627E-02  1.695776E-02
     131    65-1  2.857884E+01 -4.850000E+01  0.000000E+00  3.806614E-02 -8.476016E-03  5.215081E-04  4.610091E-03  4.768405E-04  4.591626E-03  4.796573E-02 -3.262966E-02 -2.905860E-02  5.294238E-03 -3.480251E-02  7.290220E-03  3.081417E-02  7.183647E-03 -2.439731E-02 -4.936508E-03
     132    66-0  2.857884E+01 -4.950000E+01  0.000000E+00 -3.905340E-02  3.083349E-02 -3.535058E-04  7.341473E-04 -4.815715E-04  4.586100E-04  5.633762E-02 -3.262845E-02 -1.778527E-02 -2.940408E-02 -1.797318E-02 -2.833823E-02  1.542329E-02 -2.482561E-02 -1.566936E-02  2.642022E-02
     133    66-1  2.857884E+01 -4.950000E+01  0.000000E+00 -6.981180E-02 -1.044668E-01  2.956892E-04 -1.329331E-03  9.127188E-04 -1.537165E-03  5.610697E-02  1.028093E-01  2.125153E-02 -1.167798E-01  2.081441E-02 -1.115794E-01  9.314547E-02 -6.655949E-02 -9.694852E-02  6.777943E-02
     134    67-0  2.944486E+01 -5.000000E+01  0.000000E+00  2.035847E-02  9.862070E-02 -1.202414E-02  2.274422E-03 -1.208865E-02  2.225783E-03  5.432971E-02  7.526796E-02  8.279853E-02  7.080385E-02  8.949287E-02  7.723272E-02 -9.032331E-03 -1.185505E-01  7.158757E-03  1.085673E-01
     135    67-1  2.944486E+01 -5.000000E+01  0.000000E+00 -3.606484E-02  5.041029E-03 -4.473095E-04 -5.714896E-03 -4.120468E-04 -5.698449E-03 -4.464462E-02  3.228503E-02  3.365599E-03  3.222764E-02  4.329110E-03  3.423940E-02  1.025724E-02 -2.904459E-02 -8.749217E-03  2.628696E-02
     136    68-0  2.944486E+01 -5.100000E+01  0.000000E+00  4.019523E-02 -2.687322E-02  5.699713E-04 -8.103340E-04  6.655705E-04 -5.844001E-04 -5.341091E-02  3.314809E-02 -3.246189E-02  1.635629E-02 -2.856690E-02  1.504342E-02 -2.218629E-02 -1.735461E-02  2.608620E-02  1.955726E-02
     137    68-1  2.944486E+01 -5.100000E+01  0.000000E+00  5.918963E-02  1.060485E-01 -6.106735E-04  1.647078E-03 -1.114385E-03  1.797476E-03 -5.709322E-02 -9.836190E-02 -1.208668E-01 -3.237765E-02 -1.052440E-01 -2.870261E-02 -5.406818E-02 -9.594040E-02  6.011073E-02  1.094070E-01
     138    69-0  3.031089E+01 -5.150000E+01  0.000000E+00 -1.141501E-02 -9.328150E-02  1.500986E-02 -2.287630E-03  1.506004E-02 -2.247275E-03 -5.265240E-02 -6.893957E-02  8.333128E-02 -8.270263E-02  8.149348E-02 -8.013335E-02 -1.149813E-01 -3.597871E-03  1.172594E-01  4.925403E-03
     139    69-1  3.031089E+01 -5.150000E+01  0.000000E+00  3.360217E-02 -1.957406E-03  2.824765E-04  7.093481E-03  2.547875E-04  7.079085E-03  4.100498E-02 -3.164289E-02  3.476764E-02 -9.408183E-04  3.330163E-02 -1.503836E-03 -2.686453E-02 -1.285158E-02  2.705774E-02  1.237893E-02
     140    70-0  3.031089E+01 -5.250000E+01  0.000000E+00 -4.076793E-02  2.281782E-02 -6.525261E-04  9.827565E-04 -7.232471E-04  7.977742E-04  5.048368E-02 -3.311696E-02  1.432004E-02  3.496914E-02  1.214752E-02  2.840219E-02 -1.878377E-02  1.920175E-02  2.313713E-02 -2.424991E-02
     141    70-1  3.031089E+01 -5.250000E+01  0.000000E+00 -4.850758E-02 -1.061121E-01  8.634077E-04 -2.091673E-03  1.273906E-03 -2.198853E-03  5.745605E-02  9.325734E-02 -4.368098E-02  1.221582E-01 -3.556530E-02  9.802101E-02 -9.684018E-02  4.165252E-02  1.196956E-01 -4.999917E-02
     142    71-0  3.117691E+01 -5.300000E+01  0.000000E+00  3.403650E-03  8.674214E-02 -1.864571E-02  2.175990E-03 -1.868443E-02  2.142840E-03  5.067186E-02  6.249723E-02 -7.996495E-02 -9.495754E-02 -7.042531E-02 -8.443768E-02 -1.526661E-02  1.096843E-01  1.841402E-02 -1.227388E-01
     143    71-1  3.117691E+01 -5.300000E+01  0.000000E+00 -3.073449E-02 -7.117781E-04 -6.557478E-05 -8.778378E-03 -4.409437E-05 -8.765708E-03 -3.745042E-02  3.067211E-02  1.845588E-03 -3.662099E-02  1.133756E-03 -3.202251E-02 -1.518765E-02  2.443017E-02  1.652288E-02 -2.725881E-02
     144    72-0  3.117691E+01 -5.400000E+01  0.000000E+00  4.075351E-02 -1.873867E-02  1.007397E-03 -1.037692E-03  1.059226E-03 -8.865320E-04 -4.713948E-02  3.321283E-02  3.683229E-02 -1.183831E-02  2.785932E-02 -9.355174E-03  1.629184E-02  1.972995E-02 -2.230873E-02 -2.614802E-02
     145    72-1  3.117691E+01 -5.400000E+01  0.000000E+00  3.799635E-02  1.046577E-01 -1.341731E-03  2.473806E-03 -1.675726E-03  2.548742E-03 -5.751095E-02 -8.811155E-02  1.206478E-01  5.462318E-02  9.006185E-02  4.129331E-02  2.952526E-02  9.585391E-02 -3.762731E-02 -1.271983E-01
     146    73-0  3.204294E+01 -5.450000E+01  0.000000E+00  3.510249E-03 -7.915089E-02  2.322005E-02 -1.869391E-03  2.324966E-02 -1.842710E-03 -4.793512E-02 -5.577899E-02 -1.051821E-01  7.480674E-02 -8.603498E-02  6.056093E-02  1.029067E-01  2.579003E-02 -1.250269E-01 -3.278239E-02
     147    73-1  3.204294E+01 -5.450000E+01  0.000000E+00  2.752675E-02  2.911635E-03 -3.447932E-04  1.086281E-02 -3.612326E-04  1.085175E-02  3.354249E-02 -2.949488E-02 -3.768700E-02 -4.865642E-03 -3.042090E-02 -3.541404E-03  2.165208E-02  1.695325E-02 -2.609651E-02 -2.009756E-02
     148    74-0  3.204294E+01 -5.550000E+01  0.000000E+00 -4.017464E-02  1.473770E-02 -1.116469E-03  1.410224E-03 -1.153905E-03  1.286915E-03  4.380283E-02 -3.245659E-02 -8.984681E-03 -3.796377E-02 -6.699086E-03 -2.695396E-02  2.022039E-02 -1.316652E-02 -2.875066E-02  1.899939E-02
     149    74-1  3.204294E+01 -5.550000E+01  0.000000E+00 -2.785868E-02 -1.017363E-01  1.725131E-03 -3.186388E-03  1.996281E-03 -3.237434E-03  5.694964E-02  8.216512E-02  6.465492E-02 -1.164628E-01  4.579303E-02 -8.153985E-02  9.309840E-02 -1.809325E-02 -1.315380E-01  2.409345E-02
     150    75-0  3.290897E+01 -5.600000E+01  0.000000E+00 -9.186908E-03  7.068056E-02 -2.874376E-02  1.337011E-03 -2.876606E-02  1.316108E-03  4.497054E-02  4.920851E-02  6.752201E-02  1.135456E-01  5.072718E-02  8.627805E-02  3.488920E-02 -9.478966E-02 -4.708801E-02  1.236849E-01
     151    75-1  3.290897E+01 -5.600000E+01  0.000000E+00 -2.405098E-02 -4.598405E-03  8.334378E-04 -1.343049E-02  8.456392E-04 -1.342081E-02 -2.987015E-02  2.784664E-02 -7.942570E-03  3.797437E-02 -5.670217E-03  2.854687E-02  1.836883E-02 -1.883483E-02 -2.370034E-02  2.465430E-02
     152    76-0  3.290897E+01 -5.700000E+01  0.000000E+00  3.901383E-02 -1.087680E-02  1.669139E-03 -1.317084E-03  1.695827E-03 -1.216741E-03 -4.022173E-02  3.215978E-02 -3.830708E-02  5.976957E-03 -2.571064E-02  4.252909E-03 -1.029670E-02 -2.014513E-02  1.589728E-02  3.020103E-02
     153    76-1  3.290897E+01 -5.700000E+01  0.000000E+00  1.833194E-02  9.740891E-02 -2.454169E-03  3.592321E-03 -2.673864E-03  3.625873E-03 -5.594215E-02 -7.654542E-02 -1.098146E-01 -7.329417E-02 -7.263155E-02 -4.900660E-02 -7.508834E-03 -8.872165E-02  9.683461E-03  1.325511E-01
     154    77-0  3.377499E+01 -5.750000E+01  0.000000E+00  1.350922E-02 -6.152000E-02  3.572130E-02 -3.450808E-04  3.573779E-02 -3.295143E-04 -4.121334E-02 -4.224326E-02  1.196708E-01 -5.852215E-02  8.519011E-02 -4.112017E-02 -8.568928E-02 -4.243155E-02  1.192020E-01  6.067401E-02
     155    77-1  3.377499E+01 -5.750000E+01  0.000000E+00  2.038552E-02  5.737715E-03 -1.706879E-03  1.654794E-02 -1.715544E-03  1.653951E-02  2.581756E-02 -2.619631E-02  3.743752E-02  1.095737E-02  2.642778E-02  7.496031E-03 -1.575965E-02 -1.919993E-02  2.177885E-02  2.648870E-02
     156    78-0  3.377499E+01 -5.850000E+01  0.000000E+00 -3.735778E-02  7.258989E-03 -1.895124E-03  2.121338E-03 -1.913599E-03  2.039893E-03  3.647420E-02 -3.059157E-02  2.885633E-03  3.785889E-02  2.032072E-03  2.416751E-02 -1.973624E-02  7.368477E-03  3.132796E-02 -1.181109E-02
     157    78-1  3.377499E+01 -5.850000E+01  0.000000E+00 -9.568312E-03 -9.178669E-02  3.132192E-03 -4.802075E-03  3.309562E-03 -4.822986E-03  5.449777E-02  6.989224E-02 -8.007176E-02  1.010313E-01 -5.088771E-02  6.352778E-02 -8.288111E-02 -1.850517E-03  1.300197E-01  4.357370E-03
     158    79-0  3.464102E+01 -5.900000E+01  0.000000E+00 -1.639579E-02  5.187578E-02 -4.408568E-02 -9.920884E-04 -4.409747E-02 -1.002651E-03  3.726562E-02  3.581408E-02 -4.824766E-02 -1.232630E-01 -3.191756E-02 -8.281909E-02 -4.825662E-02  7.576885E-02  7.276095E-02 -1.113811E-01
     159    79-1  3.464102E+01 -5.900000E+01  0.000000E+00 -1.661130E-02 -6.309212E-03  2.694435E-03 -2.046833E-02  2.699958E-03 -2.046097E-02 -2.212031E-02  2.381358E-02  1.370551E-02 -3.615227E-02  8.971977E-03 -2.412619E-02 -1.960909E-02  1.287482E-02  2.876944E-02 -1.906580E-02
     160    80-0  3.464102E+01 -6.000000E+01  0.000000E+00  3.514908E-02 -3.940400E-03  2.625116E-03 -1.588737E-03  2.637704E-03 -1.522852E-03 -3.292220E-02  2.994375E-02  3.659128E-02  3.838150E-05  2.234942E-02 -1.115615E-04  4.831060E-03  1.871378E-02 -8.210995E-03 -3.084590E-02
     161    80-1  3.464102E+01 -6.000000E+01  0.000000E+00  1.820791E-03  8.499828E-02 -4.154936E-03  5.097702E-03 -4.297750E-03  5.109603E-03 -5.226644E-02 -6.402786E-02  9.050989E-02  8.464672E-02  5.441710E-02  5.143637E-02 -9.907642E-03  7.586374E-02  1.772301E-02 -1.243234E-01
     162    81-0  3.550704E+01 -6.050000E+01  0.000000E+00  1.778473E-02 -4.196201E-02  5.465806E-02  3.349743E-03  5.466619E-02  3.355421E-03 -3.260514E-02 -2.872220E-02 -1.241262E-01  3.723719E-02 -7.923842E-02  2.330494E-02  6.545872E-02  5.228324E-02 -1.011258E-01 -8.265046E-02
     163    81-1  3.550704E+01 -6.050000E+01  0.000000E+00  1.281444E-02  6.301564E-03 -4.395023E-03  2.506415E-02 -4.397793E-03  2.505777E-02  1.808470E-02 -2.179947E-02 -3.413567E-02 -1.611383E-02 -2.167695E-02 -1.009979E-02  9.831142E-03  1.950801E-02 -1.505219E-02 -3.021508E-02
     164    82-0  3.550704E+01 -6.150000E+01  0.000000E+00 -3.259327E-02  9.903524E-04 -3.297037E-03  3.284414E-03 -3.304938E-03  3.231438E-03  2.867106E-02 -2.752579E-02  2.750665E-03 -3.460914E-02  1.514322E-03 -2.032312E-02  1.754266E-02 -2.415715E-03 -3.029774E-02  4.219708E-03
     165    82-1  3.550704E+01 -6.150000E+01  0.000000E+00  4.863460E-03 -7.717883E-02  5.534526E-03 -7.199469E-03  5.648681E-03 -7.205230E-03  5.009165E-02  5.684173E-02  8.669987E-02 -7.872206E-02  5.065504E-02 -4.549063E-02  6.783124E-02  1.636128E-02 -1.153858E-01 -2.925877E-02
     166    83-0  3.637307E+01 -6.200000E+01  0.000000E+00 -1.766435E-02  3.199947E-02 -6.730830E-02 -6.131634E-03 -6.731341E-02 -6.132370E-03  2.764971E-02  2.271521E-02  2.600129E-02  1.221830E-01  1.543511E-02  7.454942E-02  5.450292E-02 -5.492365E-02 -8.993437E-02  8.848232E-02
     167    83-1  3.637307E+01 -6.200000E+01  0.000000E+00 -9.076180E-03 -5.719853E-03  6.291556E-03 -3.107794E-02  6.291608E-03 -3.107245E-02 -1.439998E-02  1.861980E-02 -1.796275E-02  3.151463E-02 -1.083147E-02  1.914748E-02  1.893050E-02 -7.189907E-03 -3.064534E-02  1.168671E-02
     168    84-0  3.637307E+01 -6.300000E+01  0.000000E+00  2.950936E-02  1.487319E-03  3.859440E-03 -1.747544E-03  3.864390E-03 -1.705077E-03 -2.553316E-02  2.652981E-02 -3.188771E-02 -4.999166E-03 -1.810004E-02 -2.773929E-03 -4.509747E-04 -1.575188E-02  8.662362E-04  2.790478E-02
     169    84-1  3.637307E+01 -6.300000E+01  0.000000E+00 -1.018090E-02  6.856712E-02 -6.677531E-03  7.112669E-03 -6.768414E-03  7.114178E-03 -4.641764E-02 -5.091844E-02 -6.619158E-02 -8.609428E-02 -3.693647E-02 -4.860384E-02  2.120747E-02 -5.919627E-02 -3.870451E-02  1.041172E-01
     170    85-0  3.723909E+01 -6.350000E+01  0.000000E+00  1.602698E-02 -2.221371E-02  8.316604E-02  1.108602E-02  8.316900E-02  1.108161E-02 -2.231573E-02 -1.560223E-02  1.174443E-01 -1.512240E-02  6.886703E-02 -8.469339E-03 -4.461960E-02 -5.487543E-02  7.461518E-02  9.395797E-02
     171    85-1  3.723909E+01 -6.350000E+01  0.000000E+00  5.485891E-03  4.576794E-03 -9.390973E-03  3.772850E-02 -9.388501E-03  3.772385E-02  1.061348E-02 -1.639080E-02  2.837448E-02  1.926069E-02  1.658185E-02  1.120242E-02 -4.500699E-03 -1.800619E-02  7.353616E-03  3.047603E-02
     172    86-0  3.723909E+01 -6.450000E+01  0.000000E+00 -2.632424E-02 -3.578524E-03 -5.981017E-03  5.110589E-03 -5.983154E-03  5.077243E-03  2.055518E-02 -2.334570E-02 -6.777537E-03  2.866052E-02 -3.692926E-03  1.578469E-02 -1.403381E-02 -1.191583E-03  2.581525E-02  2.160069E-03
     173    86-1  3.723909E+01 -6.450000E+01  0.000000E+00  1.426513E-02 -5.921175E-02  9.765795E-03 -1.069394E-02  9.836903E-03 -1.069318E-02  4.380423E-02  4.346520E-02 -8.270576E-02  5.344853E-02 -4.533156E-02  2.892691E-02 -5.008768E-02 -2.426918E-02  9.053360E-02  4.523756E-02
     174    87-0  3.810512E+01 -6.500000E+01  0.000000E+00 -1.294006E-02  1.281237E-02 -1.023472E-01 -1.636515E-02 -1.023483E-01 -1.635501E-02  1.625881E-02  1.027769E-02 -5.093996E-03 -1.100717E-01 -2.522486E-03 -6.234130E-02 -5.356501E-02  3.469934E-02  9.482832E-02 -5.978499E-02
     175    87-1  3.810512E+01 -6.500000E+01  0.000000E+00 -2.113877E-03 -2.901595E-03  1.296788E-02 -4.701361E-02  1.296252E-02 -4.700989E-02 -6.875621E-03  1.236288E-02  1.978241E-02 -2.485791E-02  1.115857E-02 -1.403981E-02 -1.656574E-02  2.372710E-03  2.889136E-02 -4.070007E-03
     176    88-0  3.810512E+01 -6.600000E+01  0.000000E+00  2.259674E-02  4.927055E-03  5.083404E-03 -1.707989E-03  5.084456E-03 -1.681582E-03 -1.836009E-02  2.186675E-02  2.486484E-02  7.875437E-03  1.335661E-02  4.212508E-03 -2.421998E-03  1.174191E-02  4.590057E-03 -2.192830E-02
     177    88-1  3.810512E+01 -6.600000E+01  0.000000E+00 -1.670564E-02  4.961527E-02 -1.020858E-02  9.876624E-03 -1.026382E-02  9.874115E-03 -3.839201E-02 -3.753739E-02  4.107020E-02  7.663120E-02  2.163945E-02  4.095547E-02 -2.559487E-02  4.101486E-02  4.867790E-02 -7.595404E-02
     178    89-0  3.897114E+01 -6.650000E+01  0.000000E+00  8.440241E-03 -4.028933E-03  1.257660E-01  2.606846E-02  1.257663E-01  2.605209E-02 -1.063819E-02 -3.270360E-03 -1.002700E-01 -3.549779E-03 -5.511494E-02 -2.281169E-03  2.558407E-02  5.055462E-02 -4.518945E-02 -9.200299E-02
     179    89-1  3.897114E+01 -6.650000E+01  0.000000E+00 -9.483949E-04  7.325428E-04 -1.827895E-02  5.642406E-02 -1.827082E-02  5.642122E-02  3.688839E-03 -1.007416E-02 -2.112731E-02 -1.964508E-02 -1.158148E-02 -1.077540E-02  3.227959E-04  1.501899E-02 -3.176787E-04 -2.716909E-02
     180    90-0  3.897114E+01 -6.750000E+01  0.000000E+00 -1.911192E-02 -6.140763E-03 -1.133065E-02  7.680029E-03 -1.132973E-02  7.660818E-03  1.228454E-02 -1.825243E-02  8.314774E-03 -2.087828E-02  4.368145E-03 -1.097025E-02  9.741335E-03  3.116896E-03 -1.873103E-02 -5.962058E-03
     181    90-1  3.897114E+01 -6.750000E+01  0.000000E+00  1.788215E-02 -3.944293E-02  1.737259E-02 -1.550839E-02  1.741360E-02 -1.550631E-02  3.577712E-02  3.027584E-02  6.795610E-02 -2.954363E-02  3.556534E-02 -1.520716E-02  3.204480E-02  2.517722E-02 -6.042481E-02 -4.873109E-02
     182    91-0  3.983717E+01 -6.800000E+01  0.000000E+00 -2.680115E-03 -3.986988E-03 -1.550864E-01 -3.560677E-02 -1.550861E-01 -3.558276E-02  3.264187E-03 -1.201885E-03 -1.041413E-02  8.842810E-02 -5.873376E-03  4.738012E-02  4.618376E-02 -1.741298E-02 -8.614777E-02  3.125360E-02
     183    91-1  3.983717E+01 -6.800000E+01  0.000000E+00  3.656724E-03  1.885402E-03  2.505474E-02 -7.083726E-02  2.504295E-02 -7.083574E-02  3.321939E-04  5.208707E-03 -1.862528E-02  1.728558E-02 -9.987953E-03  9.239600E-03  1.293189E-02  1.096354E-03 -2.380818E-02 -2.185682E-03
     184    92-0  3.983717E+01 -6.900000E+01  0.000000E+00  1.504666E-02  6.013089E-03  5.363262E-03 -1.728730E-03  5.362552E-03 -1.713520E-03 -1.168756E-02  1.584863E-02 -1.654946E-02 -7.984649E-03 -8.551353E-03 -4.132593E-03  3.545768E-03 -7.278426E-03 -6.992972E-03  1.408355E-02
     185    92-1  3.983717E+01 -6.900000E+01  0.000000E+00 -1.727828E-02  2.989298E-02 -1.473834E-02  1.405022E-02 -1.476812E-02  1.404737E-02 -2.827046E-02 -2.412310E-02 -1.942516E-02 -5.700025E-02 -9.790903E-03 -2.932647E-02  2.307920E-02 -2.373666E-02 -4.529415E-02  4.545966E-02
     186    93-0  4.070319E+01 -6.950000E+01  0.000000E+00 -4.272748E-03  1.096827E-02  1.888617E-01  5.364144E-02  1.888621E-01  5.360919E-02  2.054644E-03  7.869031E-03  7.489511E-02  1.510164E-02  3.928918E-02  8.178576E-03 -1.050435E-02 -4.043974E-02  1.895132E-02  7.687824E-02
     187    93-1  4.070319E+01 -6.950000E+01  0.000000E+00 -5.912818E-03 -4.879869E-03 -3.353871E-02  8.385138E-02 -3.352338E-02  8.385098E-02 -2.392544E-03 -2.940564E-03  1.359001E-02  1.695845E-02  7.105073E-03  8.913941E-03  2.289134E-03 -1.102851E-02 -4.555996E-03  2.091029E-02
     188    94-0  4.070319E+01 -7.050000E+01  0.000000E+00 -1.154176E-02 -6.639404E-03 -2.209028E-02  1.030565E-02 -2.208793E-02  1.029776E-02  4.048139E-03 -1.260161E-02 -6.892082E-03  1.240670E-02 -3.526490E-03  6.317813E-03 -5.274266E-03 -3.225206E-03  1.041919E-02  6.346579E-03
     189    94-1  4.070319E+01 -7.050000E+01  0.000000E+00  1.540236E-02 -1.953229E-02  3.112587E-02 -2.125921E-02  3.114470E-02 -2.125955E-02  2.618297E-02  1.786774E-02 -4.404438E-02  1.105616E-02 -2.236358E-02  5.463716E-03 -1.608398E-02 -1.950050E-02  3.107965E-02  3.870945E-02
     190    95-0  4.156922E+01 -7.100000E+01  0.000000E+00  1.219103E-02 -1.690951E-02 -2.343419E-01 -7.056743E-02 -2.343431E-01 -7.052396E-02 -1.112662E-02 -1.154224E-02  1.737577E-02 -6.024410E-02  9.177151E-03 -3.106859E-02 -3.381624E-02  4.996298E-03  6.534536E-02 -8.811368E-03
     191    95-1  4.156922E+01 -7.100000E+01  0.000000E+00  7.718242E-03  8.215874E-03  4.660506E-02 -1.061929E-01  4.658461E-02 -1.061949E-01  7.153182E-03 -2.577760E-03  1.443444E-02 -1.002913E-02  7.476562E-03 -5.155486E-03 -8.583727E-03 -2.901085E-03  1.637331E-02  5.759182E-03
     192    96-0  4.156922E+01 -7.200000E+01  0.000000E+00  7.657599E-03  4.474218E-03  2.550162E-03 -3.466859E-03  2.548773E-03 -3.459541E-03 -5.709494E-03  8.269883E-03  8.161929E-03  5.104187E-03  4.120290E-03  2.588068E-03 -2.882419E-03  3.000806E-03  5.794805E-03 -5.916803E-03
     193    96-1  4.156922E+01 -7.200000E+01  0.000000E+00 -1.202417E-02  1.127713E-02 -1.989257E-02  2.159163E-02 -1.990245E-02  2.159076E-02 -1.626778E-02 -1.078602E-02  4.909992E-03  2.957698E-02  2.368932E-03  1.487320E-02 -1.446971E-02  9.629359E-03  2.891487E-02 -1.872338E-02
     194    97-0  4.243524E+01 -7.250000E+01  0.000000E+00 -2.096570E-02  2.142978E-02  2.814433E-01  1.023876E-01  2.814475E-01  1.023328E-01  1.534604E-02  1.735842E-02 -4.488893E-02 -1.704984E-02 -2.285868E-02 -8.853814E-03  1.034626E-03  2.629153E-02 -1.349860E-03 -5.134139E-02
     195    97-1  4.243524E+01 -7.250000E+01  0.000000E+00 -8.963736E-03 -1.175765E-02 -5.892450E-02  1.240332E-01 -5.889906E-02  1.240368E-01 -7.339109E-03  4.985239E-03 -6.986766E-03 -1.138680E-02 -3.537381E-03 -5.828465E-03 -3.108400E-03  6.618614E-03  6.207142E-03 -1.290828E-02
     196    98-0  4.243524E+01 -7.350000E+01  0.000000E+00 -4.034947E-03 -5.304026E-03 -4.298825E-02  9.641987E-03 -4.298593E-02  9.645073E-03 -3.836185E-03 -6.940942E-03  2.529473E-03 -4.484862E-03  1.278990E-03 -2.250273E-03  1.248959E-03  1.597426E-03 -2.495883E-03 -3.169093E-03
     197    98-1  4.243524E+01 -7.350000E+01  0.000000E+00  6.925760E-03 -1.140261E-03  5.482923E-02 -2.563494E-02  5.483042E-02 -2.564133E-02  1.508506E-02  6.912075E-03  1.401749E-02 -1.089235E-03  7.000935E-03 -4.973300E-04  4.317993E-03  8.430251E-03 -8.377662E-03 -1.691390E-02
     198    99-0  4.330127E+01 -7.400000E+01  0.000000E+00  2.970775E-02 -2.519444E-02 -3.526992E-01 -1.255477E-01 -3.527058E-01 -1.254760E-01 -2.673314E-02 -2.012248E-02 -1.411485E-02  2.966596E-02 -7.254360E-03  1.498596E-02  1.858619E-02  1.205127E-03 -3.655912E-02 -2.837978E-03
     199    99-1  4.330127E+01 -7.400000E+01  0.000000E+00  1.004349E-02  1.531946E-02  8.099167E-02 -1.594808E-01  8.095876E-02 -1.594884E-01  1.327815E-02 -1.077724E-02 -7.676397E-03  4.190327E-03 -3.906169E-03  2.105768E-03  4.123373E-03  2.965327E-03 -7.985454E-03 -5.956834E-03

