#------------------------------------------------------------------------
# Program: Diag Quadratic
#          (c) Amal Medhi <amedhi@iisertvm.ac.in>
#------------------------------------------------------------------------
# job_71125_diag.x_20260122163333_amedhi@isha.local
# Lattice: HONEYCOMB2 (Size = 1x100x1, Sites/unitcell = 100, Boundary = 0-1-0)
# No of sites = 10000
# Model: MKM
# lambda = 0.060000
# eta = 0.500000
# lambda_R = 0.000000
# t = 1.000000
# Results: WaveFunction
#------------------------------------------------------------------------
# wf_0:   psi(40,98,0)        cols: (6,7)
# wf_1:   psi(40,99,0)        cols: (8,9)
# wf_2:   psi(40,100,0)       cols: (10,11)
# wf_3:   psi(40,101,0)       cols: (12,13)
# wf_4:   psi(49,98,0)        cols: (14,15)
# wf_5:   psi(49,99,0)        cols: (16,17)
# wf_6:   psi(49,100,0)       cols: (18,19)
# wf_7:   psi(49,101,0)       cols: (20,21)
#------------------------------------------------------------------------
# basis   label   xcoord        ycoord        zcoord        Re[wf_1]      Im[wf_1]      Re[wf_2]      Im[wf_2]      Re[wf_3]      Im[wf_3]      Re[wf_4]      Im[wf_4]      Re[wf_5]      Im[wf_5]      Re[wf_6]      Im[wf_6]      Re[wf_7]      Im[wf_7]      Re[wf_8]      Im[wf_8]      
#------------------------------------------------------------------------
       0     0-0  0.000000E+00  0.000000E+00  0.000000E+00 -6.231887E-02  0.000000E+00 -2.857976E-03 -0.000000E+00 -1.349547E-02  0.000000E+00  4.874573E-16  0.000000E+00  1.916813E-01 -0.000000E+00  3.902619E-04  0.000000E+00  4.731066E-04 -0.000000E+00 -5.742992E-02  0.000000E+00
       1     0-1  0.000000E+00  0.000000E+00  0.000000E+00  1.088650E-04  6.085993E-04 -2.373829E-03 -1.327066E-02 -1.660101E-15 -9.380113E-16 -4.447284E-02 -4.374902E-02 -4.250950E-05  1.089299E-04  2.087900E-02 -5.350209E-02  1.908237E-01 -1.804699E-02  1.572002E-03 -1.486708E-04
       2     1-0  8.660254E-01 -5.000000E-01  0.000000E+00 -2.935417E-03 -1.453839E-02 -1.346198E-04 -6.667381E-04 -6.132852E-03  6.595129E-03  2.389582E-16 -3.742666E-16 -5.650270E-04  4.376051E-02 -1.150391E-06  8.909612E-05  5.652468E-05  1.011789E-04 -6.861473E-03 -1.228200E-02
       3     1-1  8.660254E-01 -5.000000E-01  0.000000E+00 -3.468901E-04 -2.233691E-04  7.564024E-03  4.870618E-03 -1.123831E-16  3.837309E-16 -8.111410E-03  1.243580E-02  2.837466E-05 -3.923355E-06 -1.393652E-02  1.926998E-03 -3.557599E-03 -4.361792E-02 -2.930744E-05 -3.593236E-04
       4     2-0  8.660254E-01 -1.500000E+00  0.000000E+00 -3.774112E-02  6.015645E-02 -1.730827E-03  2.758806E-03 -1.011061E-02  1.330918E-02  2.836273E-16 -3.209238E-16  1.808598E-01 -2.035023E-02  3.682293E-04 -4.143294E-05  4.487447E-04 -3.789205E-05 -5.447266E-02  4.599677E-03
       5     2-1  8.660254E-01 -1.500000E+00  0.000000E+00  6.817585E-04  3.485917E-04 -1.486591E-02 -7.601127E-03 -2.135170E-15  1.060372E-15 -6.916429E-02  1.643469E-02 -3.159613E-05  1.067254E-04  1.551878E-02 -5.241933E-02  1.781346E-01 -3.728732E-02  1.467469E-03 -3.071722E-04
       6     3-0  1.732051E+00 -2.000000E+00  0.000000E+00 -1.635873E-02 -7.636304E-03 -7.502200E-04 -3.502049E-04  6.488864E-03  1.768375E-02 -2.185752E-16 -5.689893E-16  2.214024E-03  4.172079E-02  4.507738E-06  8.494326E-05  1.133058E-04  7.848365E-05 -1.375408E-02 -9.527050E-03
       7     3-1  1.732051E+00 -2.000000E+00  0.000000E+00 -7.451319E-04  4.352764E-04  1.624779E-02 -9.491310E-03  3.854895E-16  4.528607E-16  6.313313E-03  1.693366E-02  2.825112E-05 -1.903607E-05 -1.387584E-02  9.349772E-03 -6.132174E-03 -4.132568E-02 -5.051674E-05 -3.404401E-04
       8     4-0  1.732051E+00 -3.000000E+00  0.000000E+00  3.223765E-02  7.309596E-02  1.478435E-03  3.352219E-03  5.343457E-03  1.935877E-02 -6.288373E-17 -5.273559E-16  1.781815E-01 -3.900539E-02  3.627763E-04 -7.941472E-05  4.468721E-04 -7.286120E-05 -5.424534E-02  8.844545E-03
       9     4-1  1.732051E+00 -3.000000E+00  0.000000E+00  8.299093E-04 -3.971345E-04 -1.809638E-02  8.659617E-03 -2.840913E-16  2.669545E-15 -2.830887E-02  7.479517E-02 -2.337643E-05  1.094363E-04  1.148158E-02 -5.375080E-02  1.737119E-01 -5.560685E-02  1.431035E-03 -4.580882E-04
      10     5-0  2.598076E+00 -3.500000E+00  0.000000E+00 -1.889878E-02  1.006310E-02 -8.667078E-04  4.614989E-04  2.800343E-02  5.848284E-03 -7.788908E-16 -1.353084E-16  4.778105E-03  4.190244E-02  9.728191E-06  8.531310E-05  1.662300E-04  5.115008E-05 -2.017849E-02 -6.209056E-03
      11     5-1  2.598076E+00 -3.500000E+00  0.000000E+00 -3.783988E-05  1.310036E-03  8.251079E-04 -2.856565E-02  7.239068E-16  2.890859E-17  2.055129E-02  6.085933E-03  2.671307E-05 -3.367751E-05 -1.312041E-02  1.654107E-02 -8.701886E-03 -4.126511E-02 -7.168597E-05 -3.399412E-04
      12     6-0  2.598076E+00 -4.500000E+00  0.000000E+00  8.716140E-02  1.586187E-02  3.997267E-03  7.274337E-04  2.188302E-02  8.405215E-03 -3.712308E-16 -2.194425E-16  1.728652E-01 -5.725654E-02  3.519523E-04 -1.165740E-04  4.407277E-04 -1.077789E-04 -5.349948E-02  1.308317E-02
      13     6-1  2.598076E+00 -4.500000E+00  0.000000E+00  2.025207E-04 -1.054652E-03 -4.416015E-03  2.299695E-02  2.232153E-15  1.815027E-15  5.106597E-02  7.250850E-02 -1.478477E-05  1.111590E-04  7.261696E-03 -5.459693E-02  1.667010E-01 -7.327581E-02  1.373280E-03 -6.036447E-04
      14     7-0  3.464102E+00 -5.000000E+00  0.000000E+00 -3.514619E-03  2.449894E-02 -1.611823E-04  1.123534E-03  2.706259E-02 -2.712011E-02 -6.383782E-16  6.349088E-16  7.405082E-03  4.182496E-02  1.507670E-05  8.515535E-05  2.140837E-04  1.367172E-05 -2.598740E-02 -1.659596E-03
      15     7-1  3.464102E+00 -5.000000E+00  0.000000E+00  1.441332E-03  1.001658E-03 -3.142860E-02 -2.184140E-02  5.984417E-16 -7.121627E-16  1.970687E-02 -1.501594E-02  2.238364E-05 -4.806303E-05 -1.099397E-02  2.360667E-02 -1.130981E-02 -4.094063E-02 -9.317004E-05 -3.372682E-04
      16     8-0  3.464102E+00 -6.000000E+00  0.000000E+00  6.794878E-02 -6.925077E-02  3.116166E-03 -3.175876E-03  2.241472E-02 -1.460303E-02 -4.683753E-16  3.651593E-16  1.655449E-01 -7.474957E-02  3.370483E-04 -1.521896E-04  4.317094E-04 -1.421527E-04 -5.240476E-02  1.725577E-02
      17     8-1  3.464102E+00 -6.000000E+00  0.000000E+00 -8.393613E-04 -8.930273E-04  1.830248E-02  1.947268E-02  3.093023E-15 -8.435565E-16  9.710587E-02 -1.718358E-03 -6.060092E-06  1.121711E-04  2.976479E-03 -5.509405E-02  1.577665E-01 -9.000136E-02  1.299677E-03 -7.414295E-04
      18     9-0  4.330127E+00 -6.500000E+00  0.000000E+00  2.019497E-02  1.944078E-02  9.261519E-04  8.915642E-04 -9.515751E-03 -4.695367E-02  2.680148E-16  1.110223E-15  1.007091E-02  4.160599E-02  2.050430E-05  8.470953E-05  2.553560E-04 -3.279269E-05 -3.099740E-02  3.980671E-03
      19     9-1  4.330127E+00 -6.500000E+00  0.000000E+00  2.040688E-03 -8.078928E-04 -4.449771E-02  1.761630E-02 -2.453240E-16 -8.676311E-16 -7.640180E-04 -2.805084E-02  1.539389E-05 -6.174064E-05 -7.560872E-03  3.032458E-02 -1.394310E-02 -4.047166E-02 -1.148630E-04 -3.334048E-04
      20    10-0  4.330127E+00 -7.500000E+00  0.000000E+00 -2.074345E-02 -1.030768E-01 -9.513055E-04 -4.727155E-03  1.291256E-03 -2.996765E-02 -6.342583E-17  5.724587E-16  1.563018E-01 -9.125092E-02  3.182294E-04 -1.857863E-04  4.197982E-04 -1.757234E-04 -5.095887E-02  2.133089E-02
      21    10-1  4.330127E+00 -7.500000E+00  0.000000E+00 -1.361854E-03  1.835113E-04  2.969557E-02 -4.001509E-03  1.074511E-15 -3.059179E-15  5.755861E-02 -8.812135E-02  2.739611E-06  1.124450E-04 -1.345589E-03 -5.522859E-02  1.470111E-01 -1.055586E-01  1.211075E-03 -8.695900E-04
      22    11-0  5.196152E+00 -8.000000E+00  0.000000E+00  3.070293E-02 -5.771992E-03  1.408052E-03 -2.647066E-04 -5.304034E-02 -2.183437E-02  1.023487E-15  5.238865E-16  1.277073E-02  4.122938E-02  2.600113E-05  8.394276E-05  2.887014E-04 -8.721148E-05 -3.504517E-02  1.058651E-02
      23    11-1  5.196152E+00 -8.000000E+00  0.000000E+00  5.567902E-04 -2.568070E-03 -1.214095E-02  5.599741E-02 -9.277814E-16 -3.362232E-16 -2.596269E-02 -1.743495E-02  5.860445E-06 -7.430786E-05 -2.878420E-03  3.649710E-02 -1.659539E-02 -3.984254E-02 -1.367125E-04 -3.282221E-04
      24    12-0  5.196152E+00 -9.000000E+00  0.000000E+00 -1.041122E-01 -4.377383E-02 -4.774638E-03 -2.007491E-03 -2.620838E-02 -2.031058E-02  7.077672E-16  4.371503E-16  1.452764E-01 -1.065364E-01  2.957817E-04 -2.169074E-04  4.050775E-04 -2.082230E-04 -4.917194E-02  2.527598E-02
      25    12-1  5.196152E+00 -9.000000E+00  0.000000E+00 -7.045202E-04  1.345749E-03  1.536224E-02 -2.934439E-02 -2.108505E-15 -2.714303E-15 -4.356789E-02 -1.043272E-01  1.154512E-05  1.119758E-04 -5.670509E-03 -5.499813E-02  1.345959E-01 -1.197376E-01  1.108798E-03 -9.863964E-04
      26    13-0  6.062178E+00 -9.500000E+00  0.000000E+00  1.429539E-02 -3.124803E-02  6.555939E-04 -1.433051E-03 -5.545784E-02  3.693753E-02  1.221245E-15 -8.118506E-16  1.549672E-02  4.068576E-02  3.155123E-05  8.283594E-05  3.129310E-04 -1.483510E-04 -3.798638E-02  1.800818E-02
      27    13-1  6.062178E+00 -9.500000E+00  0.000000E+00 -2.113122E-03 -2.202991E-03  4.607715E-02  4.803676E-02 -9.333221E-16  6.392930E-16 -3.213837E-02  1.226401E-02 -6.039489E-06 -8.538008E-05  2.966360E-03  4.193534E-02 -1.925800E-02 -3.904470E-02 -1.586470E-04 -3.216495E-04
      28    14-0  6.062178E+00 -1.050000E+01  0.000000E+00 -1.009640E-01  6.556616E-02 -4.630262E-03  3.006898E-03 -3.462406E-02  1.064753E-02  8.951173E-16 -3.243933E-16  1.326346E-01 -1.204019E-01  2.700431E-04 -2.451375E-04  3.876542E-04 -2.393932E-04 -4.705695E-02  2.905970E-02
      29    14-1  6.062178E+00 -1.050000E+01  0.000000E+00  7.594718E-04  1.475535E-03 -1.656047E-02 -3.217440E-02 -3.489574E-15  1.564260E-16 -1.180800E-01 -2.408841E-02  2.028739E-05  1.107649E-04 -9.964367E-03 -5.440339E-02  1.207052E-01 -1.323509E-01  9.943670E-04 -1.090304E-03
      30    15-0  6.928203E+00 -1.100000E+01  0.000000E+00 -1.888526E-02 -3.226470E-02 -8.660877E-04 -1.479676E-03 -4.938682E-04  7.569962E-02 -4.298862E-17 -1.817990E-15  1.823939E-02  3.996559E-02  3.713527E-05  8.136968E-05  3.270391E-04 -2.148172E-04 -3.969894E-02  2.607644E-02
      31    15-1  6.928203E+00 -1.100000E+01  0.000000E+00 -3.417777E-03  5.883807E-04  7.452547E-02 -1.282979E-02 -9.915722E-17  1.071701E-15 -9.173270E-03  3.628298E-02 -2.007528E-05 -9.460047E-05  9.860189E-03  4.646403E-02 -2.192058E-02 -3.806952E-02 -1.805814E-04 -3.136160E-04
      32    16-0  6.928203E+00 -1.200000E+01  0.000000E+00 -2.684207E-03  1.274274E-01 -1.230991E-04  5.843888E-03 -1.204932E-02  3.728646E-02  2.055647E-16 -1.137979E-15  1.185667E-01 -1.326667E-01  2.414010E-04 -2.701084E-04  3.676617E-04 -2.689880E-04 -4.463007E-02  3.265218E-02
      33    16-1  6.928203E+00 -1.200000E+01  0.000000E+00  1.778691E-03  2.426010E-04 -3.878479E-02 -5.289974E-03 -1.795904E-15  2.940086E-15 -9.137198E-02  8.905212E-02  2.889777E-05  1.088209E-04 -1.419345E-02 -5.344856E-02  1.055455E-01 -1.432363E-01  8.694818E-04 -1.179978E-03
      34    17-0  7.794229E+00 -1.250000E+01  0.000000E+00 -4.016661E-02 -3.244457E-03 -1.842062E-03 -1.487925E-04  6.969583E-02  4.783934E-02 -1.852685E-15 -1.169204E-15  2.098749E-02  3.905981E-02  4.273039E-05  7.952552E-05  3.302239E-04 -2.850808E-04 -4.008554E-02  3.460566E-02
      35    17-1  7.794229E+00 -1.250000E+01  0.000000E+00 -1.595169E-03  3.528952E-03  3.478305E-02 -7.694967E-02  9.107748E-16  6.549857E-16  2.638657E-02  3.051307E-02 -3.596689E-05 -1.016471E-04  1.766552E-02  4.992504E-02 -2.457111E-02 -3.690906E-02 -2.024163E-04 -3.040561E-04
      36    18-0  7.794229E+00 -1.350000E+01  0.000000E+00  1.093029E-01  7.773953E-02  5.012690E-03  3.565176E-03  2.540362E-02  3.348262E-02 -7.910339E-16 -8.829742E-16  1.032839E-01 -1.431756E-01  2.102853E-04 -2.915047E-04  3.452577E-04 -2.967762E-04 -4.191048E-02  3.602535E-02
      37    18-1  7.794229E+00 -1.350000E+01  0.000000E+00  1.305026E-03 -1.415713E-03 -2.845641E-02  3.086997E-02  1.345306E-15  3.255867E-15  2.342763E-02  1.322103E-01  3.730886E-05  1.061594E-04 -1.832464E-02 -5.214131E-02  8.934162E-02 -1.522593E-01  7.359946E-04 -1.254310E-03
      38    19-0  8.660254E+00 -1.400000E+01  0.000000E+00 -2.740118E-02  3.325375E-02 -1.256633E-03  1.525034E-03  8.668303E-02 -3.398046E-02 -2.373102E-15  9.992007E-16  2.372806E-02  3.796010E-02  4.831017E-05  7.728651E-05  3.219049E-04 -3.575069E-04 -3.907570E-02  4.339740E-02
      39    19-1  8.660254E+00 -1.400000E+01  0.000000E+00  2.231655E-03  3.634994E-03 -4.866179E-02 -7.926194E-02  1.306962E-15 -4.522583E-16  4.289916E-02 -4.494849E-03 -5.339004E-05 -1.062393E-04  2.622309E-02  5.218057E-02 -2.719588E-02 -3.555624E-02 -2.240391E-04 -2.929116E-04
      40    20-0  8.660254E+00 -1.500000E+01  0.000000E+00  1.316165E-01 -4.883487E-02  6.036001E-03 -2.239592E-03  4.470806E-02 -1.843300E-03 -1.162265E-15  1.064958E-16  8.701469E-02 -1.518025E-01  1.771613E-04 -3.090689E-04  3.206232E-04 -3.225442E-04 -3.892012E-02  3.915331E-02
      41    20-1  8.660254E+00 -1.500000E+01  0.000000E+00 -4.437767E-04 -2.001310E-03  9.676661E-03  4.363907E-02  3.700966E-15  8.667592E-16  1.282089E-01  5.754705E-02  4.545525E-05  1.028027E-04 -2.232583E-02 -5.049266E-02  7.233302E-02 -1.593158E-01  5.958780E-04 -1.312441E-03
      42    21-0  9.526279E+00 -1.550000E+01  0.000000E+00  1.238772E-02  4.404056E-02  5.681073E-04  2.019723E-03  2.237500E-02 -9.888679E-02 -3.989864E-16  2.747802E-15  2.644646E-02  3.665913E-02  5.384482E-05  7.463774E-05  3.017357E-04 -4.303861E-04 -3.662739E-02  5.224412E-02
      43    21-1  9.526279E+00 -1.550000E+01  0.000000E+00  4.639949E-03  2.113372E-04 -1.011752E-01 -4.608261E-03  3.778351E-16 -1.284949E-15  2.207700E-02 -4.012523E-02 -7.198226E-05 -1.081438E-04  3.535486E-02  5.311598E-02 -2.977963E-02 -3.400515E-02 -2.453240E-04 -2.801338E-04
      44    22-0  9.526279E+00 -1.650000E+01  0.000000E+00  3.504822E-02 -1.419391E-01  1.607330E-03 -6.509403E-03  2.536319E-02 -3.995714E-02 -5.967449E-16  9.506285E-16  7.000120E-02 -1.584513E-01  1.425220E-04 -3.226058E-04  2.939595E-04 -3.460987E-04 -3.568343E-02  4.201257E-02
      45    22-1  9.526279E+00 -1.650000E+01  0.000000E+00 -2.006529E-03 -8.214673E-04  4.375287E-02  1.791230E-02  3.006500E-15 -2.534265E-15  1.246555E-01 -7.668802E-02  5.327432E-05  9.877998E-05 -2.616625E-02 -4.851684E-02  5.476965E-02 -1.643330E-01  4.511914E-04 -1.353772E-03
      46    23-0  1.039230E+01 -1.700000E+01  0.000000E+00  4.563144E-02  1.574412E-02  2.092682E-03  7.220334E-04 -7.468338E-02 -7.987673E-02  2.046974E-15  1.922074E-15  2.912647E-02  3.515083E-02  5.930131E-05  7.156686E-05  2.696128E-04 -5.019670E-04 -3.272801E-02  6.093325E-02
      47    23-1  1.039230E+01 -1.700000E+01  0.000000E+00  2.999711E-03 -4.012312E-03 -6.540945E-02  8.748946E-02 -7.642701E-16 -1.119419E-15 -2.151146E-02 -4.326966E-02 -9.134963E-05 -1.071793E-04  4.486735E-02  5.264228E-02 -3.230564E-02 -3.225127E-02 -2.661333E-04 -2.656854E-04
      48    24-0  1.039230E+01 -1.800000E+01  0.000000E+00 -1.012162E-01 -1.128146E-01 -4.641826E-03 -5.173737E-03 -1.934495E-02 -4.584988E-02  3.981190E-16  9.818535E-16  5.249479E-02 -1.630579E-01  1.068791E-04 -3.319849E-04  2.654861E-04 -3.672686E-04 -3.222708E-02  4.458236E-02
      49    24-1  1.039230E+01 -1.800000E+01  0.000000E+00 -1.911621E-03  1.242252E-03  4.168336E-02 -2.708761E-02 -3.463788E-16 -4.175137E-15  6.966716E-03 -1.515639E-01  6.070695E-05  9.412632E-05 -2.981687E-02 -4.623115E-02  3.690785E-02 -1.672708E-01  3.040462E-04 -1.377974E-03
      50    25-0  1.125833E+01 -1.850000E+01  0.000000E+00  4.083599E-02 -2.995570E-02  1.872760E-03 -1.373784E-03 -1.155734E-01  1.806845E-02  2.740863E-15 -5.846018E-16  3.175042E-02  3.343065E-02  6.464365E-05  6.806460E-05  2.256793E-04 -5.704900E-04 -2.739498E-02  6.925120E-02
      51    25-1  1.125833E+01 -1.850000E+01  0.000000E+00 -1.747131E-03 -5.066211E-03  3.809662E-02  1.104700E-01 -1.417683E-15  3.339941E-17 -5.017140E-02 -7.290235E-03 -1.110741E-04 -1.032209E-04  5.455526E-02  5.069803E-02 -3.475590E-02 -3.029175E-02 -2.863184E-04 -2.495428E-04
      52    26-0  1.125833E+01 -1.950000E+01  0.000000E+00 -1.550576E-01  2.086225E-02 -7.111025E-03  9.567538E-04 -5.094731E-02 -1.064678E-02  1.058181E-15  3.035766E-16  3.475199E-02 -1.655912E-01  7.075483E-05 -3.371425E-04  2.354383E-04 -3.859069E-04 -2.857961E-02  4.684483E-02
      53    26-1  1.125833E+01 -1.950000E+01  0.000000E+00 -6.915220E-05  2.383434E-03  1.507881E-03 -5.197137E-02 -3.721572E-15 -2.190796E-15 -1.253000E-01 -9.396537E-02  6.769814E-05  8.888267E-05 -3.325066E-02 -4.365567E-02  1.900592E-02 -1.681222E-01  1.565704E-04 -1.384988E-03
      54    27-0  1.212436E+01 -2.000000E+01  0.000000E+00 -1.472770E-03 -5.284298E-02 -6.754202E-05 -2.423407E-03 -5.312590E-02  1.123065E-01  1.179612E-15 -2.511880E-15  3.429936E-02  3.149581E-02  6.983327E-05  6.412527E-05  1.703252E-04 -6.342216E-04 -2.067560E-02  7.698750E-02
      55    27-1  1.212436E+01 -2.000000E+01  0.000000E+00 -5.493193E-03 -1.489844E-03  1.197804E-01  3.248641E-02 -9.348913E-16  1.184584E-15 -3.604574E-02  3.874444E-02 -1.307216E-04 -9.620231E-05  6.420532E-02  4.725079E-02 -3.711126E-02 -2.812558E-02 -3.057219E-04 -2.316980E-04
      56    28-0  1.212436E+01 -2.100000E+01  0.000000E+00 -7.196385E-02  1.438621E-01 -3.300300E-03  6.597593E-03 -3.926314E-02  3.732299E-02  9.072604E-16 -6.973588E-16  1.703011E-02 -1.660528E-01  3.467319E-05 -3.380825E-04  2.040638E-04 -4.018920E-04 -2.477109E-02  4.878525E-02
      57    28-1  1.212436E+01 -2.100000E+01  0.000000E+00  1.999866E-03  1.469556E-03 -4.360757E-02 -3.204403E-02 -3.901199E-15  1.875692E-15 -1.523497E-01  5.214488E-02  7.419767E-05  8.309517E-05 -3.644298E-02 -4.081308E-02  1.319864E-03 -1.669133E-01  1.087301E-05 -1.375029E-03
      58    29-0  1.299038E+01 -2.150000E+01  0.000000E+00 -4.603829E-02 -2.994334E-02 -2.111340E-03 -1.373217E-03  6.649060E-02  1.130015E-01 -1.432882E-15 -2.498002E-15  3.675325E-02  2.934548E-02  7.482937E-05  5.974720E-05  1.041816E-04 -6.914873E-04 -1.264650E-02  8.393893E-02
      59    29-1  1.299038E+01 -2.150000E+01  0.000000E+00 -4.559617E-03  3.910057E-03  9.942356E-02 -8.525975E-02  4.856011E-16  1.405846E-15  1.183368E-02  5.368832E-02 -1.498498E-04 -8.611859E-05  7.360034E-02  4.229807E-02 -3.935172E-02 -2.575383E-02 -3.241787E-04 -2.121595E-04
      60    30-0  1.299038E+01 -2.250000E+01  0.000000E+00  8.033812E-02  1.438445E-01  3.684348E-03  6.596784E-03  8.710293E-03  5.544916E-02 -2.519686E-16 -1.276756E-15 -4.170859E-04 -1.644775E-01 -8.491843E-07 -3.348752E-04  1.716200E-04 -4.151292E-04 -2.083277E-02  5.039211E-02
      61    30-1  1.299038E+01 -2.250000E+01  0.000000E+00  2.430303E-03 -8.401007E-04 -5.299335E-02  1.831860E-02 -6.649414E-16  4.324366E-15 -4.364956E-02  1.590511E-01  8.016060E-05  7.681458E-05 -3.937174E-02 -3.772830E-02 -1.590095E-02 -1.637024E-01 -1.309918E-04 -1.348577E-03
      62    31-0  1.385641E+01 -2.300000E+01  0.000000E+00 -5.253930E-02  2.159905E-02 -2.409480E-03  9.905435E-04  1.372835E-01  8.987906E-03 -3.178013E-15 -2.458971E-16  3.909122E-02  2.698098E-02  7.958947E-05  5.493311E-05  2.811176E-05 -7.407050E-04 -3.412458E-03  8.991341E-02
      63    31-1  1.385641E+01 -2.300000E+01  0.000000E+00  7.021122E-04  6.263516E-03 -1.530973E-02 -1.365775E-01  1.485455E-15  4.742318E-16  5.265674E-02  2.146977E-02 -1.680169E-04 -7.302627E-05  8.252330E-02  3.586763E-02 -4.145661E-02 -2.317979E-02 -3.415188E-04 -1.909547E-04
      64    32-0  1.385641E+01 -2.400000E+01  0.000000E+00  1.674916E-01  1.482817E-02  7.681253E-03  6.800274E-04  5.219625E-02  2.508949E-02 -1.222980E-15 -4.128642E-16 -1.734360E-02 -1.609319E-01 -3.531145E-05 -3.276564E-04  1.383709E-04 -4.255515E-04 -1.679670E-02  5.165725E-02
      65    32-1  1.385641E+01 -2.400000E+01  0.000000E+00  7.103939E-04 -2.556263E-03 -1.549032E-02  5.573995E-02  3.285496E-15  3.040503E-15  1.091180E-01  1.281641E-01  8.554775E-05  7.009563E-05 -4.201769E-02 -3.442822E-02 -3.241791E-02 -1.585790E-01 -2.670581E-04 -1.306371E-03
      66    33-0  1.472243E+01 -2.450000E+01  0.000000E+00 -1.241067E-02  5.718571E-02 -5.691596E-04  2.622567E-03  8.835916E-02 -1.132152E-01 -1.942890E-15  2.699230E-15  4.129182E-02  2.440598E-02  8.406987E-05  4.969041E-05 -5.680337E-05 -7.804157E-04  6.895302E-03  9.473386E-02
      67    33-1  1.472243E+01 -2.450000E+01  0.000000E+00  5.818389E-03  3.071413E-03 -1.268714E-01 -6.697291E-02  1.255392E-15 -1.063438E-15  4.900211E-02 -3.209712E-02 -1.847899E-04 -5.704316E-05  9.076151E-02  2.801736E-02 -4.340492E-02 -2.040912E-02 -3.575689E-04 -1.681299E-04
      68    34-0  1.472243E+01 -2.550000E+01  0.000000E+00  1.083237E-01 -1.323277E-01  4.967779E-03 -6.068618E-03  5.167605E-02 -2.952977E-02 -1.176143E-15  8.265957E-16 -3.351531E-02 -1.555133E-01 -6.823696E-05 -3.166240E-04  1.045837E-04 -4.331193E-04 -1.269530E-02  5.257591E-02
      69    34-1  1.472243E+01 -2.550000E+01  0.000000E+00 -1.748551E-03 -2.092202E-03  3.812758E-02  4.562099E-02  4.388713E-15 -7.860914E-16  1.701999E-01 -1.838826E-02  9.032605E-05  6.299632E-05 -4.436461E-02 -3.094132E-02 -4.800710E-02 -1.516620E-01 -3.954816E-04 -1.249389E-03
      70    35-0  1.558846E+01 -2.600000E+01  0.000000E+00  4.108941E-02  4.378733E-02  1.884382E-03  2.008110E-03 -4.561099E-02 -1.420609E-01  1.224715E-15  3.358425E-15  4.333328E-02  2.162656E-02  8.822628E-05  4.403153E-05 -1.492828E-04 -8.093130E-04  1.812129E-02  9.824166E-02
      71    35-1  1.558846E+01 -2.600000E+01  0.000000E+00  6.038524E-03 -3.202873E-03 -1.316715E-01  6.983944E-02 -1.194458E-16 -1.670284E-15  1.416746E-03 -6.009364E-02 -1.997527E-04 -3.834680E-05  9.811068E-02  1.883444E-02 -4.517557E-02 -1.744992E-02 -3.721555E-04 -1.437521E-04
      72    36-0  1.558846E+01 -2.700000E+01  0.000000E+00 -4.908759E-02 -1.662460E-01 -2.251183E-03 -7.624128E-03  5.122762E-03 -6.072363E-02  8.239937E-18  1.419004E-15 -4.871386E-02 -1.483474E-01 -9.918110E-05 -3.020344E-04  7.052577E-05 -4.378214E-04 -8.561050E-03  5.314668E-02
      73    36-1  1.558846E+01 -2.700000E+01  0.000000E+00 -2.779751E-03  2.588254E-04  6.061317E-02 -5.643751E-03  1.867935E-15 -3.963000E-15  8.167725E-02 -1.530991E-01  9.446882E-05  5.557718E-05 -4.639937E-02 -2.729733E-02 -6.246297E-02 -1.430972E-01 -5.145688E-04 -1.178832E-03
      74    37-0  1.645448E+01 -2.750000E+01  0.000000E+00  6.069884E-02 -9.198180E-03  2.783680E-03 -4.218333E-04 -1.480233E-01 -4.365974E-02  3.622103E-15  8.413409E-16  4.519387E-02  1.865134E-02  9.201442E-05  3.797400E-05 -2.478676E-04 -8.262687E-04  3.008839E-02  1.002999E-01
      75    37-1  1.645448E+01 -2.750000E+01  0.000000E+00  7.748327E-04 -7.027536E-03 -1.689542E-02  1.532372E-01 -1.380173E-15 -8.435703E-16 -4.977402E-02 -3.604759E-02 -2.125147E-04 -1.717177E-05  1.043789E-01  8.434099E-03 -4.674771E-02 -1.431284E-02 -3.851067E-04 -1.179089E-04
      76    38-0  1.645448E+01 -2.850000E+01  0.000000E+00 -1.667520E-01 -5.352704E-02 -7.647333E-03 -2.454778E-03 -4.805758E-02 -3.944374E-02  1.067722E-15  8.534840E-16 -6.274019E-02 -1.395866E-01 -1.277386E-04 -2.841974E-04  3.646153E-05 -4.396735E-04 -4.426027E-03  5.337151E-02
      77    38-1  1.645448E+01 -2.850000E+01  0.000000E+00 -1.391107E-03  2.485416E-03  3.033344E-02 -5.419511E-02 -2.161613E-15 -3.755139E-15 -8.142283E-02 -1.552617E-01  9.795600E-05  4.790051E-05 -4.811214E-02 -2.352685E-02 -7.560171E-02 -1.330550E-01 -6.228054E-04 -1.096105E-03
      78    39-0  1.732051E+01 -2.900000E+01  0.000000E+00  2.735433E-02 -5.624761E-02  1.254484E-03 -2.579545E-03 -1.229665E-01  1.007527E-01  2.595146E-15 -2.466777E-15  4.685215E-02  1.549152E-02  9.539068E-05  3.154063E-05 -3.509458E-04 -8.303572E-04  4.260095E-02  1.007962E-01
      79    39-1  1.732051E+01 -2.900000E+01  0.000000E+00 -5.535547E-03 -4.732615E-03  1.207040E-01  1.031958E-01 -1.658618E-15  6.055528E-16 -5.900784E-02  2.093693E-02 -2.227178E-04  6.194001E-06  1.093902E-01 -3.042250E-03 -4.810107E-02 -1.101103E-02 -3.962557E-04 -9.070863E-05
      80    40-0  1.732051E+01 -3.000000E+01  0.000000E+00 -1.390708E-01  1.084818E-01 -6.377862E-03  4.975033E-03 -6.073995E-02  1.750438E-02  1.224715E-15 -2.516433E-16 -7.541777E-02 -1.294065E-01 -1.535501E-04 -2.634707E-04  2.649252E-06 -4.387183E-04 -3.215899E-04  5.325556E-02
      81    40-1  1.732051E+01 -3.000000E+01  0.000000E+00  1.279364E-03  2.597959E-03 -2.789684E-02 -5.664914E-02 -4.133805E-15 -2.600850E-16 -1.754019E-01 -2.021407E-02  1.007742E-04  4.002962E-05 -4.949631E-02 -1.966098E-02 -8.726410E-02 -1.217268E-01 -7.188800E-04 -1.002783E-03
      82    41-0  1.818653E+01 -3.050000E+01  0.000000E+00 -3.129440E-02 -5.526156E-02 -1.435177E-03 -2.534324E-03  1.447150E-02  1.624762E-01 -5.160802E-16 -3.538836E-15  4.828736E-02  1.216087E-02  9.831275E-05  2.475946E-05 -4.567810E-04 -8.208741E-04  5.544817E-02  9.964506E-02
      83    41-1  1.818653E+01 -3.050000E+01  0.000000E+00 -7.210380E-03  1.963275E-03  1.572241E-01 -4.280970E-02 -3.816099E-16  1.716327E-15 -1.646192E-02  6.140575E-02 -2.300439E-04  3.141399E-05  1.129885E-01 -1.542931E-02 -4.921628E-02 -7.560161E-03 -4.054428E-04 -6.228046E-05
      84    42-0  1.818653E+01 -3.150000E+01  0.000000E+00  1.145129E-02  1.767021E-01  5.251621E-04  8.103652E-03 -2.028523E-02  6.075939E-02  6.114900E-16 -1.079865E-15 -8.659542E-02 -1.180028E-01 -1.763077E-04 -2.402530E-04 -3.066172E-05 -4.350240E-04  3.721995E-03  5.280712E-02
      85    42-1  1.818653E+01 -3.150000E+01  0.000000E+00  2.903676E-03  4.246614E-04 -6.331538E-02 -9.259847E-03 -2.533495E-15  3.254737E-15 -1.158762E-01  1.341396E-01  1.029166E-04  3.202804E-05 -5.054861E-02 -1.573091E-02 -9.731808E-02 -1.093218E-01 -8.017045E-04 -9.005912E-04
      86    43-0  1.905256E+01 -3.200000E+01  0.000000E+00 -6.402563E-02 -5.616368E-03 -2.936249E-03 -2.575696E-04  1.456357E-01  8.123350E-02 -2.935152E-15 -1.608089E-15  4.947970E-02  8.675737E-03  1.007404E-04  1.766374E-05 -5.635428E-04 -7.973527E-04  6.840787E-02  9.678982E-02
      87    43-1  1.905256E+01 -3.200000E+01  0.000000E+00 -2.488540E-03  7.222961E-03  5.426324E-02 -1.574984E-01  1.137809E-15  1.254420E-15  4.174804E-02  4.895522E-02 -2.342209E-04  5.810868E-05  1.150401E-01 -2.854070E-02 -5.007516E-02 -3.978355E-03 -4.125182E-04 -3.277361E-05
      88    44-0  1.905256E+01 -3.300000E+01  0.000000E+00  1.526315E-01  9.005146E-02  6.999758E-03  4.129807E-03  3.894328E-02  5.166978E-02 -5.702903E-16 -1.102417E-15 -9.614963E-02 -1.055882E-01 -1.957600E-04 -2.149768E-04 -6.323377E-05 -4.286829E-04  7.675882E-03  5.203737E-02
      89    44-1  1.905256E+01 -3.300000E+01  0.000000E+00  2.015983E-03 -2.173017E-03 -4.395901E-02  4.738317E-02  1.318664E-15  3.901943E-15  4.570512E-02  1.714139E-01  1.043833E-04  2.395876E-05 -5.126897E-02 -1.176760E-02 -1.056607E-01 -9.606316E-02 -8.704307E-04 -7.913665E-04
      90    45-0  1.991858E+01 -3.350000E+01  0.000000E+00 -4.127951E-02  4.999777E-02 -1.893100E-03  2.292924E-03  1.518929E-01 -7.607570E-02 -3.021888E-15  1.243797E-15  5.041069E-02  5.054890E-03  1.026358E-04  1.029172E-05 -6.693393E-04 -7.595751E-04  8.125040E-02  9.220403E-02
      91    45-1  1.991858E+01 -3.350000E+01  0.000000E+00  4.656040E-03  6.236164E-03 -1.015261E-01 -1.359811E-01  1.642439E-15 -1.214542E-16  6.455781E-02 -6.701097E-03 -2.350289E-04  8.586207E-05  1.154370E-01 -4.217207E-02 -5.066107E-02 -2.860547E-04 -4.173449E-04 -2.356514E-06
      92    46-0  1.991858E+01 -3.450000E+01  0.000000E+00  1.599651E-01 -7.531329E-02  7.336082E-03 -3.453907E-03  6.508641E-02 -2.815116E-03 -1.234689E-15 -1.062518E-16 -1.039864E-01 -9.238762E-02 -2.117157E-04 -1.881006E-04 -9.484346E-05 -4.198093E-04  1.151295E-02  5.096022E-02
      93    46-1  1.991858E+01 -3.450000E+01  0.000000E+00 -6.519900E-04 -2.912465E-03  1.421680E-02  6.350701E-02  3.797073E-15  1.124266E-15  1.670278E-01  5.855239E-02  1.051804E-04  1.588351E-05 -5.166048E-02 -7.801357E-03 -1.122196E-01 -8.218384E-02 -9.244627E-04 -6.770289E-04
      94    47-0  2.078461E+01 -3.500000E+01  0.000000E+00  1.789366E-02  6.269718E-02  8.206124E-04  2.875325E-03  2.293330E-02 -1.709385E-01 -6.871673E-16  3.146788E-15  5.106346E-02  1.319464E-03  1.039649E-04  2.686420E-06 -7.722512E-04 -7.075794E-04  9.374277E-02  8.589233E-02
      95    47-1  2.078461E+01 -3.500000E+01  0.000000E+00  7.893738E-03 -3.447107E-04 -1.721249E-01  7.516502E-03  7.578481E-16 -1.339513E-15  3.124508E-02 -5.730449E-02 -2.323040E-04  1.142288E-04  1.140986E-01 -5.610471E-02 -5.095923E-02  3.494118E-03 -4.198012E-04  2.878448E-05
      96    48-0  2.078461E+01 -3.600000E+01  0.000000E+00  2.761859E-02 -1.736654E-01  1.266603E-03 -7.964385E-03  3.469956E-02 -5.542449E-02 -7.173082E-16  1.016602E-15 -1.100426E-01 -7.863507E-02 -2.240461E-04 -1.601005E-04 -1.252838E-04 -4.085381E-04  1.520807E-02  4.959201E-02
      97    48-1  2.078461E+01 -3.600000E+01  0.000000E+00 -2.779368E-03 -1.117734E-03  6.060481E-02  2.437246E-02  2.894627E-15 -2.353977E-15  1.416259E-01 -1.045447E-01  1.053204E-04  7.862059E-06 -5.172923E-02 -3.861534E-03 -1.169539E-01 -6.792262E-02 -9.634637E-04 -5.595452E-04
      98    49-0  2.165064E+01 -3.650000E+01  0.000000E+00  6.194977E-02  2.084453E-02  2.841049E-03  9.559410E-04 -1.299248E-01 -1.165243E-01  2.305447E-15  2.399123E-15  5.142309E-02 -2.507235E-03  1.046971E-04 -5.104714E-06 -8.703662E-04 -6.416622E-04  1.056529E-01  7.789071E-02
      99    49-1  2.165064E+01 -3.650000E+01  0.000000E+00  4.206772E-03 -6.799139E-03 -9.172970E-02  1.482569E-01 -7.252791E-16 -1.356650E-15 -2.957619E-02 -5.836526E-02 -2.259428E-04  1.427420E-04  1.109742E-01 -7.010926E-02 -5.095696E-02  7.337555E-03 -4.197825E-04  6.044664E-05
     100    50-0  2.165064E+01 -3.750000E+01  0.000000E+00 -1.269143E-01 -1.195291E-01 -5.820356E-03 -5.481667E-03 -2.601273E-02 -6.003825E-02  5.633514E-16  1.275889E-15 -1.142867E-01 -6.456887E-02 -2.326870E-04 -1.314618E-04 -1.543663E-04 -3.950217E-04  1.873837E-02  4.795128E-02
     101    50-1  2.165064E+01 -3.750000E+01  0.000000E+00 -2.497680E-03  1.657401E-03  5.446253E-02 -3.614003E-02 -2.831931E-16 -3.680256E-15 -6.658636E-03 -1.743962E-01  1.048214E-04 -4.847596E-08 -5.148417E-02  2.380949E-05 -1.198546E-01 -5.351978E-02 -9.873598E-04 -4.408949E-04
     102    51-0  2.251666E+01 -3.800000E+01  0.000000E+00  5.225188E-02 -3.920078E-02  2.396298E-03 -1.797768E-03 -1.709035E-01  4.218385E-02  3.434752E-15 -6.067195E-16  5.147685E-02 -6.399928E-03  1.048065E-04 -1.303021E-05 -9.618139E-04 -5.623763E-04  1.167536E-01  6.826628E-02
     103    51-1  2.251666E+01 -3.800000E+01  0.000000E+00 -3.280988E-03 -7.366874E-03  7.154276E-02  1.606365E-01 -1.473513E-15 -2.425931E-16 -6.480838E-02 -8.706802E-03 -2.159045E-04  1.709212E-04  1.060438E-01 -8.394980E-02 -5.064397E-02  1.121789E-02 -4.172041E-04  9.241279E-05
     104    52-0  2.251666E+01 -3.900000E+01  0.000000E+00 -1.682245E-01  3.720226E-02 -7.714862E-03  1.706115E-03 -6.404816E-02 -1.256554E-02  1.414667E-15  2.879641E-16 -1.167188E-01 -5.042766E-02 -2.376387E-04 -1.026704E-04 -1.819224E-04 -3.794283E-04  2.208337E-02  4.605840E-02
     105    52-1  2.251666E+01 -3.900000E+01  0.000000E+00 -5.000025E-05  2.989716E-03  1.090268E-03 -6.519149E-02 -3.065349E-15 -1.740223E-15 -1.461673E-01 -9.154795E-02  1.037071E-04 -7.794194E-06 -5.093685E-02  3.828202E-03 -1.209444E-01 -3.921285E-02 -9.963378E-04 -3.230347E-04
     106    53-0  2.338269E+01 -3.950000E+01  0.000000E+00 -2.670986E-03 -6.502403E-02 -1.224928E-04 -2.982036E-03 -6.164498E-02  1.659113E-01  1.394392E-15 -3.234392E-15  5.121449E-02 -1.033161E-02  1.042724E-04 -2.103509E-05 -1.044800E-03 -4.705240E-04  1.268272E-01  5.711642E-02
     107    53-1  2.338269E+01 -3.950000E+01  0.000000E+00 -7.979307E-03 -1.441606E-03  1.739908E-01  3.143458E-02 -1.023112E-15  1.002950E-15 -4.374198E-02  4.827841E-02 -2.022125E-04  1.982813E-04  9.931881E-02 -9.738799E-02 -5.001262E-02  1.510728E-02 -4.120030E-04  1.244535E-04
     108    54-0  2.338269E+01 -4.050000E+01  0.000000E+00 -6.295330E-02  1.575922E-01 -2.887071E-03  7.227259E-03 -4.639415E-02  4.538942E-02  1.150339E-15 -1.038232E-15 -1.173706E-01 -3.644608E-02 -2.389658E-04 -7.420399E-05 -2.078049E-04 -3.619385E-04  2.522522E-02  4.393534E-02
     109    54-1  2.338269E+01 -4.050000E+01  0.000000E+00  2.421158E-03  1.726070E-03 -5.279396E-02 -3.763739E-02 -3.079340E-15  1.568263E-15 -1.555582E-01  6.826866E-02  1.020058E-04 -1.532496E-05 -5.010123E-02  7.527020E-03 -1.202769E-01 -2.523245E-02 -9.908389E-04 -2.078645E-04
     110    55-0  2.424871E+01 -4.100000E+01  0.000000E+00 -5.470710E-02 -3.441936E-02 -2.508896E-03 -1.578490E-03  1.026880E-01  1.446611E-01 -1.950263E-15 -3.146572E-15  5.062847E-02 -1.427381E-02  1.030792E-04 -2.906138E-05 -1.117638E-03 -3.671455E-04  1.356689E-01  4.456741E-02
     111    55-1  2.424871E+01 -4.100000E+01  0.000000E+00 -5.695359E-03  5.797828E-03  1.241887E-01 -1.264231E-01  3.678379E-16  1.344730E-15  1.487779E-02  6.296822E-02 -1.849548E-04  2.243406E-04  9.084255E-02 -1.101873E-01 -4.905806E-02  1.897667E-02 -4.041394E-04  1.563294E-04
     112    56-0  2.424871E+01 -4.200000E+01  0.000000E+00  9.310679E-02  1.381354E-01  4.269926E-03  6.334961E-03  1.099760E-02  6.339216E-02 -1.040834E-16 -1.468443E-15 -1.163041E-01 -2.285070E-02 -2.367944E-04 -4.652387E-05 -2.318889E-04 -3.427432E-04  2.814875E-02  4.160525E-02
     113    56-1  2.424871E+01 -4.200000E+01  0.000000E+00  2.770053E-03 -1.007325E-03 -6.040170E-02  2.196497E-02 -5.132423E-16  3.204994E-15 -3.052950E-02  1.639408E-01  9.975018E-05 -2.259489E-05 -4.899337E-02  1.109772E-02 -1.179352E-01 -1.179831E-02 -9.715478E-04 -9.719422E-05
     114    57-0  2.511474E+01 -4.250000E+01  0.000000E+00 -5.877436E-02  2.530131E-02 -2.695423E-03  1.160331E-03  1.772250E-01 -3.467628E-03 -3.849351E-15 -1.101549E-16  4.971414E-02 -1.819691E-02  1.012177E-04 -3.704880E-05 -1.178784E-03 -2.535033E-04  1.430913E-01  3.077250E-02
     115    57-1  2.511474E+01 -4.250000E+01  0.000000E+00  1.586014E-03  7.964266E-03 -3.458342E-02 -1.736628E-01  1.357415E-15  3.964908E-16  5.970535E-02  2.320484E-02 -1.642834E-04  2.486300E-04  8.068957E-02 -1.221173E-01 -4.777846E-02  2.279614E-02 -3.935980E-04  1.877942E-04
     116    58-0  2.511474E+01 -4.350000E+01  0.000000E+00  1.629464E-01  7.422537E-04  7.472808E-03  3.404014E-05  5.776039E-02  2.655934E-02 -1.235123E-15 -7.715183E-16 -1.136104E-01 -9.856026E-03 -2.313101E-04 -2.006680E-05 -2.540723E-04 -3.220403E-04  3.084157E-02  3.909214E-02
     117    58-1  2.511474E+01 -4.350000E+01  0.000000E+00  7.317944E-04 -2.819044E-03 -1.595696E-02  6.146995E-02  2.374898E-15  2.070658E-15  1.157630E-01  1.149211E-01  9.697668E-05 -2.956268E-05 -4.763113E-02  1.452003E-02 -1.140301E-01  8.846103E-04 -9.393775E-04  7.287403E-06
     118    59-0  2.598076E+01 -4.400000E+01  0.000000E+00 -1.231627E-02  6.193278E-02 -5.648307E-04  2.840269E-03  9.649123E-02 -1.478644E-01 -2.286366E-15  3.013215E-15  4.846991E-02 -2.207049E-02  9.868442E-05 -4.493538E-05 -1.226860E-03 -1.310624E-04  1.489273E-01  1.590953E-02
     119    59-1  2.598076E+01 -4.400000E+01  0.000000E+00  7.446550E-03  3.158633E-03 -1.623739E-01 -6.887478E-02  1.026629E-15 -7.397110E-16  5.226728E-02 -3.555105E-02 -1.404119E-04  2.707008E-04  6.896482E-02 -1.329576E-01 -4.617509E-02  2.653524E-02 -3.803895E-04  2.185968E-04
     120    60-0  2.598076E+01 -4.500000E+01  0.000000E+00  8.994939E-02 -1.308737E-01  4.125126E-03 -6.001938E-03  5.380179E-02 -3.202573E-02 -1.352217E-15  4.787837E-16 -1.094075E-01  2.339167E-03 -2.227530E-04  4.762528E-06 -2.742762E-04 -3.000320E-04  3.329411E-02  3.642058E-02
     121    60-1  2.598076E+01 -4.500000E+01  0.000000E+00 -1.878258E-03 -2.167931E-03  4.095588E-02  4.727228E-02  2.906933E-15 -7.481575E-16  1.560667E-01 -3.024973E-02  9.372477E-05 -3.619199E-05 -4.603392E-02  1.777609E-02 -1.086978E-01  1.262953E-02 -8.954503E-04  1.040419E-04
     122    61-0  2.684679E+01 -4.550000E+01  0.000000E+00  4.330367E-02  4.451988E-02  1.985929E-03  2.041705E-03 -6.744490E-02 -1.618242E-01  1.040834E-15  3.615164E-15  4.689736E-02 -2.586365E-02  9.548271E-05 -5.265821E-05 -1.260686E-03 -1.466885E-06  1.530334E-01  1.780636E-04
     123    61-1  2.684679E+01 -4.550000E+01  0.000000E+00  6.753651E-03 -4.346934E-03 -1.472650E-01  9.478597E-02  8.963810E-17 -1.188298E-15  3.508350E-04 -6.217087E-02 -1.136127E-04  2.901335E-04  5.580210E-02 -1.425022E-01 -4.425245E-02  3.016336E-02 -3.645508E-04  2.484852E-04
     124    62-0  2.684679E+01 -4.650000E+01  0.000000E+00 -5.590649E-02 -1.436717E-01 -2.563901E-03 -6.588857E-03  4.060221E-03 -6.132207E-02 -4.154663E-16  1.313186E-15 -1.038380E-01  1.355528E-02 -2.114136E-04  2.759845E-05 -2.924446E-04 -2.769222E-04  3.549954E-02  3.361530E-02
     125    62-1  2.684679E+01 -4.650000E+01  0.000000E+00 -2.798168E-03  3.115699E-04  6.101474E-02 -6.793858E-03  9.373001E-16 -2.734052E-15  6.096345E-02 -1.417763E-01  9.003632E-05 -4.245161E-05 -4.422230E-02  2.085056E-02 -1.020972E-01  2.327109E-02 -8.410748E-04  1.917068E-04
     126    63-0  2.771281E+01 -4.700000E+01  0.000000E+00  6.001379E-02 -1.020552E-02  2.752264E-03 -4.680302E-04 -1.699665E-01 -3.495562E-02  3.445161E-15  1.231654E-15  4.500131E-02 -2.954536E-02  9.162237E-05 -6.015417E-05 -1.279300E-03  1.334870E-04  1.552929E-01 -1.620385E-02
     127    63-1  2.771281E+01 -4.700000E+01  0.000000E+00  2.052953E-04 -7.946886E-03 -4.476516E-03  1.732838E-01 -9.405516E-16 -5.802297E-16 -4.999232E-02 -3.484781E-02 -8.421286E-05  3.065450E-04  4.136205E-02 -1.505629E-01 -4.201824E-02  3.365009E-02 -3.461455E-04  2.772088E-04
     128    64-0  2.771281E+01 -4.800000E+01  0.000000E+00 -1.452435E-01 -3.345537E-02 -6.660942E-03 -1.534281E-03 -4.714028E-02 -3.729675E-02  8.864437E-16  1.078998E-15 -9.706613E-02  2.363489E-02 -1.976260E-04  4.812049E-05 -3.085437E-04 -2.529133E-04  3.745380E-02  3.070088E-02
     129    64-1  2.771281E+01 -4.800000E+01  0.000000E+00 -1.301685E-03  2.426729E-03  2.838356E-02 -5.291544E-02 -1.608755E-15 -2.241790E-15 -8.016433E-02 -1.258385E-01  8.595497E-05 -4.831558E-05 -4.221770E-02  2.373072E-02 -9.440660E-02  3.266802E-02 -7.777198E-04  2.691186E-04
     130    65-0  2.857884E+01 -4.850000E+01  0.000000E+00  2.504858E-02 -5.392175E-02  1.148741E-03 -2.472880E-03 -1.228684E-01  1.192036E-01  3.112094E-15 -2.213507E-15  4.278986E-02 -3.308492E-02  8.711987E-05 -6.736067E-05 -1.281974E-03  2.718807E-04  1.556175E-01 -3.300332E-02
     131    65-1  2.857884E+01 -4.850000E+01  0.000000E+00 -6.366825E-03 -4.579356E-03  1.388302E-01  9.985398E-02 -9.766233E-16  4.755197E-16 -5.572959E-02  2.089580E-02 -5.258888E-05  3.195957E-04  2.582959E-02 -1.569729E-01 -3.948343E-02  3.696560E-02 -3.252638E-04  3.045219E-04
     132    66-0  2.857884E+01 -4.950000E+01  0.000000E+00 -1.052647E-01  9.747345E-02 -4.827494E-03  4.470183E-03 -5.599681E-02  1.719852E-02  1.346145E-15 -2.870967E-16 -8.927441E-02  3.244541E-02 -1.817621E-04  6.605865E-05 -3.225617E-04 -2.282042E-04  3.915543E-02  2.770147E-02
     133    66-1  2.857884E+01 -4.950000E+01  0.000000E+00  1.227308E-03  2.386527E-03 -2.676176E-02 -5.203882E-02 -2.566259E-15 -1.319893E-17 -1.435486E-01 -4.337461E-03  8.152538E-05 -5.376329E-05 -4.004206E-02  2.640642E-02 -8.582022E-02  4.070553E-02 -7.069853E-04  3.353314E-04
     134    67-0  2.944486E+01 -5.000000E+01  0.000000E+00 -2.936341E-02 -4.984658E-02 -1.346621E-03 -2.285990E-03  2.890518E-02  1.658230E-01 -3.469447E-17 -3.760880E-15  4.027436E-02 -3.645222E-02  8.199834E-05 -7.421649E-05 -1.268237E-03  4.117050E-04  1.539499E-01 -4.997644E-02
     135    67-1  2.944486E+01 -5.000000E+01  0.000000E+00 -7.244876E-03  2.641183E-03  1.579763E-01 -5.759164E-02 -2.525144E-16  9.113224E-16 -1.403852E-02  5.618586E-02 -1.916082E-05  3.289962E-04  9.411043E-03 -1.615900E-01 -3.666216E-02  4.008101E-02 -3.020221E-04  3.301866E-04
     136    68-0  2.944486E+01 -5.100000E+01  0.000000E+00  2.049087E-02  1.358968E-01  9.397219E-04  6.232296E-03 -1.711764E-02  5.422794E-02  5.611830E-16 -1.231654E-15 -8.066023E-02  3.988120E-02 -1.642237E-04  8.119786E-05 -3.345069E-04 -2.029874E-04  4.060545E-02  2.464043E-02
     137    68-1  2.944486E+01 -5.100000E+01  0.000000E+00  2.583578E-03  3.345019E-04 -5.633557E-02 -7.293896E-03 -1.211790E-15  1.972997E-15 -8.077910E-02  1.113655E-01  7.679267E-05 -5.877939E-05 -3.771754E-02  2.887012E-02 -7.654449E-02  4.729701E-02 -6.305721E-04  3.896319E-04
     138    69-0  3.031089E+01 -5.150000E+01  0.000000E+00 -5.592680E-02 -4.007503E-03 -2.564832E-03 -1.837862E-04  1.502545E-01  6.801568E-02 -3.046174E-15 -2.135445E-15  3.746937E-02 -3.961824E-02  7.628739E-05 -8.066248E-05 -1.237875E-03  5.508942E-04  1.502644E-01 -6.687247E-02
     139    69-1  3.031089E+01 -5.150000E+01  0.000000E+00 -1.855203E-03  7.324630E-03  4.045317E-02 -1.597154E-01  6.643867E-16  7.655577E-16  3.709790E-02  4.212155E-02  1.561466E-05  3.345121E-04 -7.669307E-03 -1.642992E-01 -3.357163E-02  4.296876E-02 -2.765624E-04  3.539759E-04
     140    70-0  3.031089E+01 -5.250000E+01  0.000000E+00  1.180735E-01  5.668265E-02  5.414911E-03  2.599496E-03  3.374796E-02  4.339985E-02 -7.736867E-16 -1.158795E-15 -7.143193E-02  4.586519E-02 -1.454350E-04  9.338123E-05 -3.444069E-04 -1.774469E-04  4.180719E-02  2.154010E-02
     141    70-1  3.031089E+01 -5.250000E+01  0.000000E+00  1.684947E-03 -1.872014E-03 -3.674068E-02  4.081974E-02  7.736993E-16  2.056341E-15  4.446892E-02  1.233404E-01  7.180166E-05 -6.335365E-05 -3.526615E-02  3.111682E-02 -6.679408E-02  5.238538E-02 -5.502484E-04  4.315498E-04
     142    71-0  3.117691E+01 -5.300000E+01  0.000000E+00 -3.384981E-02  4.222122E-02 -1.552370E-03  1.936287E-03  1.374380E-01 -8.390671E-02 -3.566591E-15  1.502271E-15  3.439250E-02 -4.255531E-02  7.002291E-05 -8.664233E-05 -1.190948E-03  6.873607E-04  1.445679E-01 -8.343801E-02
     143    71-1  3.117691E+01 -5.300000E+01  0.000000E+00  4.892587E-03  5.521123E-03 -1.066841E-01 -1.203895E-01  1.029601E-15 -1.537750E-16  5.379644E-02 -6.367280E-03  5.125175E-05  3.359691E-04 -2.517285E-02 -1.650148E-01 -3.023200E-02  4.560300E-02 -2.490506E-04  3.756766E-04
     144    72-0  3.117691E+01 -5.400000E+01  0.000000E+00  1.073230E-01 -6.232570E-02  4.921889E-03 -2.858289E-03  5.283487E-02 -2.983865E-03 -1.377370E-15 -1.301043E-18 -6.180479E-02  5.035006E-02 -1.258342E-04  1.025124E-04 -3.523064E-04 -1.517564E-04  4.276611E-02  1.842155E-02
     145    72-1  3.117691E+01 -5.400000E+01  0.000000E+00 -5.607695E-04 -2.358601E-03  1.222772E-02  5.142988E-02  2.013675E-15  4.828819E-16  1.203431E-01  3.086505E-02  6.659636E-05 -6.748081E-05 -3.270952E-02  3.314392E-02 -5.678776E-02  5.594378E-02 -4.678165E-04  4.608638E-04
     146    73-0  3.204294E+01 -5.450000E+01  0.000000E+00  1.488205E-02  4.981789E-02  6.824984E-04  2.284674E-03  7.743719E-03 -1.564277E-01 -6.808790E-16  3.760880E-15  3.106430E-02 -4.523752E-02  6.324671E-05 -9.210331E-05 -1.127783E-03  8.190310E-04  1.369004E-01 -9.942133E-02
     147    73-1  3.204294E+01 -5.450000E+01  0.000000E+00  7.116819E-03 -9.126532E-04 -1.551840E-01  1.990063E-02  3.747299E-16 -8.645233E-16  2.435276E-02 -4.599919E-02  8.724355E-05  3.332565E-04 -4.285060E-02 -1.636825E-01 -2.666616E-02  4.795986E-02 -2.196753E-04  3.950925E-04
     148    74-0  3.204294E+01 -5.550000E+01  0.000000E+00  8.266758E-03 -1.165617E-01  3.791178E-04 -5.345581E-03  2.643960E-02 -4.325811E-02 -8.317999E-16  1.117162E-15 -5.199692E-02  5.331872E-02 -1.058654E-04  1.085566E-04 -3.582658E-04 -1.260773E-04  4.348952E-02  1.530439E-02
     149    74-1  3.204294E+01 -5.550000E+01  0.000000E+00 -2.164075E-03 -8.433814E-04  4.718818E-02  1.839014E-02  1.416919E-15 -1.392725E-15  8.772794E-02 -7.737893E-02  6.121936E-05 -7.116025E-05 -3.006854E-02  3.495112E-02 -4.674427E-02  5.797574E-02 -3.850784E-04  4.776030E-04
     150    75-0  3.290897E+01 -5.600000E+01  0.000000E+00  4.726591E-02  1.540050E-02  2.167639E-03  7.062749E-04 -1.210616E-01 -9.145630E-02  2.775558E-15  2.702699E-15  2.750804E-02 -4.764108E-02  5.600620E-05 -9.699692E-05 -1.048974E-03  9.438806E-04  1.273338E-01 -1.145767E-01
     151    75-1  3.290897E+01 -5.600000E+01  0.000000E+00  3.147788E-03 -6.197220E-03 -6.863829E-02  1.351319E-01 -4.499187E-16 -7.658513E-16 -2.291910E-02 -4.417186E-02  1.230705E-04  3.263292E-04 -6.044741E-02 -1.602801E-01 -2.289951E-02  5.001784E-02 -1.886457E-04  4.120460E-04
     152    76-0  3.290897E+01 -5.700000E+01  0.000000E+00 -8.578983E-02 -6.762327E-02 -3.934366E-03 -3.101238E-03 -1.954998E-02 -4.419055E-02  3.417405E-16  1.290634E-15 -4.222515E-02  5.478436E-02 -8.597012E-05  1.115406E-04 -3.623588E-04 -1.005573E-04  4.398636E-02  1.220654E-02
     153    76-1  3.290897E+01 -5.700000E+01  0.000000E+00 -1.835137E-03  1.238112E-03  4.001561E-02 -2.699735E-02 -3.094413E-16 -1.847138E-15 -1.374970E-02 -1.084843E-01  5.571130E-05 -7.439564E-05 -2.736320E-02  3.654021E-02 -3.687822E-02  5.851479E-02 -3.038021E-04  4.820437E-04
     154    77-0  3.377499E+01 -5.750000E+01  0.000000E+00  3.764071E-02 -2.860666E-02  1.726222E-03 -1.311916E-03 -1.386306E-01  4.692140E-02  3.712308E-15 -6.539908E-16  2.374948E-02 -4.974454E-02  4.835378E-05 -1.012796E-04 -9.553738E-04  1.059969E-03  1.159718E-01 -1.286685E-01
     155    77-1  3.377499E+01 -5.750000E+01  0.000000E+00 -3.234297E-03 -5.873258E-03  7.052464E-02  1.280678E-01 -8.408864E-16 -5.027892E-17 -4.694408E-02 -6.009809E-03  1.582093E-04  3.152092E-04 -7.770619E-02 -1.548184E-01 -1.895972E-02  5.175802E-02 -1.561898E-04  4.263816E-04
     156    78-0  3.377499E+01 -5.850000E+01  0.000000E+00 -9.655081E-02  3.058763E-02 -4.427871E-03  1.402765E-03 -4.497425E-02 -8.645533E-03  1.203898E-15  5.607494E-16 -3.270087E-02  5.478984E-02 -6.657876E-05  1.115518E-04 -3.646701E-04 -7.532955E-05  4.426692E-02  9.144176E-03
     157    78-1  3.377499E+01 -5.850000E+01  0.000000E+00 -2.708634E-05  2.097926E-03  5.906244E-04 -4.574579E-02 -1.433520E-15 -6.044943E-16 -9.037499E-02 -4.595212E-02  5.011045E-05 -7.719456E-05 -2.461228E-02  3.791494E-02 -2.739604E-02  5.762353E-02 -2.256881E-04  4.747015E-04
     158    79-0  3.464102E+01 -5.900000E+01  0.000000E+00 -1.924705E-03 -4.465760E-02 -8.826798E-05 -2.048021E-03 -3.762167E-02  1.354024E-01  1.561251E-15 -3.358425E-15  1.981656E-02 -5.152917E-02  4.034640E-05 -1.049131E-04 -8.480827E-04  1.165473E-03  1.029479E-01 -1.414756E-01
     159    79-1  3.464102E+01 -5.900000E+01  0.000000E+00 -6.409668E-03 -6.043466E-04  1.397644E-01  1.317793E-02 -5.256214E-16  6.365171E-16 -2.997694E-02  3.322034E-02  1.921413E-04  2.999858E-04 -9.437225E-02 -1.473412E-01 -1.487638E-02  5.316437E-02 -1.225513E-04  4.379671E-04
     160    80-0  3.464102E+01 -6.000000E+01  0.000000E+00 -2.653506E-02  8.914211E-02 -1.216912E-03  4.088104E-03 -3.086152E-02  3.013484E-02  1.089406E-15 -5.846018E-16 -2.362613E-02  5.340663E-02 -4.810265E-05  1.087355E-04 -3.652935E-04 -5.051156E-05  4.434260E-02  6.131547E-03
     161    80-1  3.464102E+01 -6.000000E+01  0.000000E+00  1.607931E-03  1.148657E-03 -3.506133E-02 -2.504676E-02 -1.388629E-15  7.850885E-16 -8.151574E-02  4.498669E-02  4.445227E-05 -7.956804E-05 -2.183321E-02  3.908070E-02 -1.849214E-02  5.539211E-02 -1.523379E-04  4.563191E-04
     162    81-0  3.550704E+01 -6.050000E+01  0.000000E+00 -3.546496E-02 -2.247130E-02 -1.626441E-03 -1.030545E-03  8.675572E-02  1.024785E-01 -1.713907E-15 -3.178013E-15  1.573917E-02 -5.297912E-02  3.204484E-05 -1.078652E-04 -7.284283E-04  1.258719E-03  8.842316E-02 -1.527946E-01
     163    81-1  3.550704E+01 -6.050000E+01  0.000000E+00 -3.921590E-03  4.739057E-03  8.551124E-02 -1.033363E-01  1.819859E-16  6.536309E-16  9.533712E-03  4.093334E-02  2.243617E-04  2.808144E-04 -1.101976E-01 -1.379250E-01 -1.068071E-02  5.422395E-02 -8.798746E-05  4.466959E-04
     164    82-0  3.550704E+01 -6.150000E+01  0.000000E+00  5.348026E-02  6.535269E-02  2.452633E-03  2.997108E-03  6.621082E-03  3.979271E-02  1.691355E-16 -1.193490E-15 -1.518979E-02  5.073313E-02 -3.092632E-05  1.032923E-04 -3.643292E-04 -2.620486E-05  4.422555E-02  3.180981E-03
     165    82-1  3.550704E+01 -6.150000E+01  0.000000E+00  1.741104E-03 -6.195872E-04 -3.796519E-02  1.351025E-02 -1.262637E-18  1.380706E-15 -7.713503E-03  8.418202E-02  3.876916E-05 -8.153003E-05 -1.904189E-02  4.004435E-02 -1.034526E-02  5.193629E-02 -8.522403E-05  4.278501E-04
     166    83-0  3.637307E+01 -6.200000E+01  0.000000E+00 -3.610187E-02  1.512939E-02 -1.655651E-03  6.938417E-04  1.268824E-01 -1.341549E-02 -3.316791E-15 -4.883247E-16  1.154870E-02 -5.408170E-02  2.351308E-05 -1.101100E-04 -5.979474E-04  1.338210E-03  7.258421E-02 -1.624439E-01
     167    83-1  3.637307E+01 -6.200000E+01  0.000000E+00  1.628526E-03  5.613741E-03 -3.551040E-02 -1.224090E-01  5.925867E-16  3.106382E-16  3.638462E-02  1.454735E-02  2.543879E-04  2.579143E-04 -1.249453E-01 -1.266774E-01 -6.405182E-03  5.492705E-02 -5.276576E-05  4.524880E-04
     168    84-0  3.637307E+01 -6.300000E+01  0.000000E+00  7.531021E-02 -6.857236E-03  3.453766E-03 -3.144764E-04  3.377539E-02  1.611914E-02 -8.153200E-16 -7.632783E-16 -7.564046E-03  4.689259E-02 -1.540035E-05  9.547301E-05 -3.618817E-04 -2.494802E-06  4.392845E-02  3.028415E-04
     169    84-1  3.637307E+01 -6.300000E+01  0.000000E+00  4.544590E-04 -1.653183E-03 -9.909590E-03  3.604807E-02  9.358829E-16  8.328457E-16  5.855780E-02  4.797563E-02  3.309015E-05 -8.309690E-05 -1.625258E-02  4.081393E-02 -3.115218E-03  4.739495E-02 -2.566311E-05  3.904387E-04
     170    85-0  3.723909E+01 -6.350000E+01  0.000000E+00 -7.687036E-03  3.536030E-02 -3.525315E-04  1.621642E-03  5.689412E-02 -1.062365E-01 -2.293304E-15  2.151057E-15  7.277792E-03 -5.482746E-02  1.481754E-05 -1.116284E-04 -4.583600E-04  1.402653E-03  5.563984E-02 -1.702666E-01
     171    85-1  3.723909E+01 -6.350000E+01  0.000000E+00  5.249853E-03  1.708743E-03 -1.144744E-01 -3.725956E-02  4.936525E-16 -2.932697E-16  3.030932E-02 -1.983786E-02  2.817678E-04  2.315655E-04 -1.383933E-01 -1.137359E-01 -2.083167E-03  5.526737E-02 -1.716109E-05  4.552916E-04
     172    86-0  3.723909E+01 -6.450000E+01  0.000000E+00  3.210429E-02 -5.830908E-02  1.472320E-03 -2.674085E-03  2.996521E-02 -1.689282E-02 -1.046038E-15  2.723516E-16 -9.011880E-04  4.203046E-02 -1.834813E-06  8.557375E-05 -3.580572E-04  2.054918E-05  4.346420E-02 -2.494444E-03
     173    86-1  3.723909E+01 -6.450000E+01  0.000000E+00 -1.003531E-03 -1.215057E-03  2.188224E-02  2.649462E-02  9.609211E-16 -2.978848E-16  6.384477E-02 -1.907350E-02  2.744078E-05 -8.428688E-05 -1.347783E-02  4.139840E-02  3.060056E-03  4.192726E-02  2.520868E-05  3.453960E-04
     174    87-0  3.810512E+01 -6.500000E+01  0.000000E+00  2.242112E-02  2.438000E-02  1.028244E-03  1.118080E-03 -5.243759E-02 -1.001630E-01  5.967449E-16  3.150258E-15  2.959887E-03 -5.521040E-02  6.026310E-06 -1.124080E-04 -3.115419E-04  1.450983E-03  3.781775E-02 -1.761334E-01
     175    87-1  3.810512E+01 -6.500000E+01  0.000000E+00  4.094003E-03 -3.172748E-03 -8.927075E-02  6.918256E-02  1.471926E-16 -5.042506E-16  1.114752E-03 -3.313844E-02  3.060875E-04  2.021042E-04 -1.503381E-01 -9.926562E-02  2.251473E-03  5.524206E-02  1.854759E-05  4.550831E-04
     176    88-0  3.810512E+01 -6.600000E+01  0.000000E+00 -2.619423E-02 -5.096052E-02 -1.201281E-03 -2.337076E-03  3.170288E-03 -3.111250E-02 -3.632890E-16  9.419548E-16  4.669175E-03  3.631146E-02  9.506411E-06  7.392990E-05 -3.529617E-04  4.287313E-05  4.284566E-02 -5.204325E-03
     177    88-1  3.810512E+01 -6.600000E+01  0.000000E+00 -1.428641E-03  1.080087E-04  3.115187E-02 -2.355156E-03  2.937613E-16 -7.479090E-16  1.708216E-02 -5.475598E-02  2.184298E-05 -8.511951E-05 -1.072841E-02  4.180736E-02  8.067048E-03  3.570940E-02  6.645618E-05  2.941733E-04
     178    89-0  3.897114E+01 -6.650000E+01  0.000000E+00  2.972134E-02 -3.805323E-03  1.363036E-03 -1.745141E-04 -1.045669E-01 -1.200552E-02  2.740863E-15  1.188286E-15 -1.371133E-03 -5.522796E-02 -2.791618E-06 -1.124438E-04 -1.594943E-04  1.482380E-03  1.936084E-02 -1.799446E-01
     179    89-1  3.897114E+01 -6.650000E+01  0.000000E+00 -3.021108E-04 -4.812453E-03  6.587600E-03  1.049367E-01 -4.478770E-16 -3.402535E-16 -2.388156E-02 -1.814933E-02  3.269781E-04  1.699171E-04 -1.605988E-01 -8.345662E-02  6.564769E-03  5.485177E-02  5.408044E-05  4.518678E-04
     180    90-0  3.897114E+01 -6.750000E+01  0.000000E+00 -4.753808E-02 -5.523652E-03 -2.180121E-03 -2.533175E-04 -2.109392E-02 -1.850621E-02  6.522560E-16  7.979728E-16  9.042518E-03  2.991621E-02  1.841051E-05  6.090921E-05 -3.466987E-04  6.443784E-05  4.208540E-02 -7.822043E-03
     181    90-1  3.897114E+01 -6.750000E+01  0.000000E+00 -6.644066E-04  1.100549E-03  1.448755E-02 -2.399774E-02 -4.811697E-16 -5.644430E-16 -3.004706E-02 -3.731449E-02  1.631510E-05 -8.561512E-05 -8.013334E-03  4.205078E-02  1.181870E-02  2.893100E-02  9.736226E-05  2.383330E-04
     182    91-0  3.983717E+01 -6.800000E+01  0.000000E+00  1.265105E-02 -2.353969E-02  5.801839E-04 -1.079542E-03 -6.335162E-02  7.361436E-02  2.550044E-15 -1.561251E-15 -5.681361E-03 -5.488111E-02 -1.156721E-05 -1.117376E-04 -4.309700E-06  1.496282E-03  5.231500E-04 -1.816321E-01
     183    91-1  3.983717E+01 -6.800000E+01  0.000000E+00 -3.830799E-03 -2.263109E-03  8.353151E-02  4.934766E-02 -3.912532E-16  2.405299E-16 -2.555352E-02  7.917435E-03  3.441226E-04  1.354360E-04 -1.690195E-01 -6.652083E-02  1.082306E-02  5.410066E-02  8.916013E-05  4.456802E-04
     184    92-0  3.983717E+01 -6.900000E+01  0.000000E+00 -2.471977E-02  2.921877E-02 -1.133661E-03  1.339988E-03 -2.414148E-02  5.570292E-03  8.517492E-16 -1.392116E-16  1.214120E-02  2.303765E-02  2.471941E-05  4.690451E-05 -3.393652E-04  8.521591E-05  4.119519E-02 -1.034427E-02
     185    92-1  3.983717E+01 -6.900000E+01  0.000000E+00  4.459451E-04  1.043763E-03 -9.723943E-03 -2.275952E-02 -5.778978E-16  1.060991E-16 -3.815298E-02  3.497756E-03  1.087214E-05 -8.579357E-05 -5.339969E-03  4.213843E-02  1.425590E-02  2.179147E-02  1.174398E-04  1.795177E-04
     186    93-0  4.070319E+01 -6.950000E+01  0.000000E+00 -1.020675E-02 -2.107565E-02 -4.680867E-04 -9.665405E-04  2.316707E-02  8.560667E-02 -4.683753E-17 -2.879641E-15 -9.936957E-03 -5.417392E-02 -2.023158E-05 -1.102978E-04  1.518530E-04  1.492389E-03 -1.843328E-02 -1.811595E-01
     187    93-1  4.070319E+01 -6.950000E+01  0.000000E+00 -3.673683E-03  1.735326E-03  8.010557E-02 -3.783920E-02 -1.303889E-16  3.789520E-16 -7.511627E-03  2.220562E-02  3.572577E-04  9.913065E-05 -1.754709E-01 -4.868908E-02  1.499303E-02  5.299597E-02  1.235123E-04  4.365798E-04
     188    94-0  4.070319E+01 -7.050000E+01  0.000000E+00  8.176237E-03  2.738296E-02  3.749665E-04  1.255797E-03 -8.445364E-03  1.969949E-02  3.400058E-16 -7.303186E-16  1.391772E-02  1.587606E-02  2.833639E-05  3.232355E-05 -3.310989E-04  1.052254E-04  4.019175E-02 -1.277320E-02
     189    94-1  4.070319E+01 -7.050000E+01  0.000000E+00  9.565061E-04  2.219454E-04 -2.085685E-02 -4.839575E-03 -2.026641E-16  4.956132E-16 -1.338851E-02  2.528127E-02  5.522347E-06 -8.568820E-05 -2.712360E-03  4.208667E-02  1.535020E-02  1.449466E-02  1.264546E-04  1.194067E-04
     190    95-0  4.156922E+01 -7.100000E+01  0.000000E+00 -1.971914E-02 -3.691008E-03 -9.043298E-04 -1.692716E-04  7.562966E-02  2.599737E-02 -2.262079E-15 -1.401657E-15 -1.411015E-02 -5.312136E-02 -2.872817E-05 -1.081547E-04  3.069647E-04  1.470877E-03 -3.726213E-02 -1.785482E-01
     191    95-1  4.156922E+01 -7.100000E+01  0.000000E+00 -5.623038E-04  3.620353E-03  1.226117E-02 -7.894270E-02  2.333351E-16  2.417035E-16  1.148108E-02  1.647723E-02  3.662418E-04  6.148424E-05 -1.798836E-01 -3.019864E-02  1.904845E-02  5.155521E-02  1.569208E-04  4.247108E-04
     192    96-0  4.156922E+01 -7.200000E+01  0.000000E+00  1.814813E-02  4.972004E-03  8.322828E-04  2.280187E-04  8.995708E-03  1.567431E-02 -3.304648E-16 -5.837344E-16  1.431871E-02  8.656316E-03  2.915279E-05  1.762420E-05 -3.210964E-04  1.238891E-04  3.897756E-02 -1.503877E-02
     193    96-1  4.156922E+01 -7.200000E+01  0.000000E+00  6.342911E-04 -5.321168E-04 -1.383088E-02  1.160294E-02  2.396993E-16  2.765631E-16  9.460676E-03  1.628852E-02  3.263882E-07 -8.506216E-05 -1.603091E-04  4.177919E-02  1.506964E-02  7.269466E-03  1.241434E-04  5.988572E-05
     194    97-0  4.243524E+01 -7.250000E+01  0.000000E+00 -1.239781E-02  1.118333E-02 -5.685700E-04  5.128732E-04  5.682558E-02 -4.271593E-02 -2.230854E-15  1.131040E-15 -1.807700E-02 -5.159302E-02 -3.680466E-05 -1.050431E-04  4.562277E-04  1.428173E-03 -5.538101E-02 -1.733644E-01
     195    97-1  4.243524E+01 -7.250000E+01  0.000000E+00  2.384741E-03  2.218059E-03 -5.199988E-02 -4.836531E-02  2.275494E-16  4.309719E-17  1.669840E-02  7.226960E-04  3.698210E-04  2.328031E-05 -1.816415E-01 -1.143437E-02  2.285366E-02  4.966023E-02  1.882680E-04  4.091000E-04
     196    98-0  4.243524E+01 -7.350000E+01  0.000000E+00  6.049105E-03 -6.659257E-03  2.774151E-04 -3.053970E-04  1.474937E-02  1.702957E-03 -5.421011E-16 -1.823628E-16  1.401440E-02  1.239534E-03  2.853323E-05  2.523683E-06 -3.270692E-04  1.516515E-04  3.970259E-02 -1.840881E-02
     197    98-1  4.243524E+01 -7.350000E+01  0.000000E+00 -4.218248E-05 -6.788835E-04  9.197994E-04  1.480322E-02  5.357974E-17  9.276265E-17  8.991767E-03 -5.056843E-04 -5.529059E-06 -8.893184E-05  2.715656E-03  4.367982E-02  1.406840E-02 -8.548238E-05  1.158952E-04 -7.042022E-07
     198    99-0  4.330127E+01 -7.400000E+01  0.000000E+00  1.134844E-03  1.343345E-02  5.204454E-05  6.160650E-04 -5.251461E-03 -6.216295E-02 -2.359224E-16  2.109424E-15 -2.348397E-02 -5.241097E-02 -4.781321E-05 -1.067084E-04  6.456633E-04  1.440976E-03 -7.837640E-02 -1.749186E-01
     199    99-1  4.330127E+01 -7.400000E+01  0.000000E+00  2.760973E-03 -7.382779E-04 -6.020370E-02  1.609833E-02  7.849977E-17 -2.359755E-16  8.620671E-03 -1.038324E-02  3.897900E-04 -1.918568E-05 -1.914495E-01  9.423253E-03  2.831345E-02  4.996543E-02  2.332456E-04  4.116143E-04

