#------------------------------------------------------------------------
# Program: Diag Quadratic
#          (c) Amal Medhi <amedhi@iisertvm.ac.in>
#------------------------------------------------------------------------
# job_71850_diag.x_20260122170032_amedhi@isha.local
# Lattice: HONEYCOMB2 (Size = 1x100x1, Sites/unitcell = 100, Boundary = 0-1-0)
# No of sites = 10000
# Model: MKM
# lambda = 0.060000
# eta = 0.250000
# lambda_R = 0.000000
# t = 1.000000
# Results: WaveFunction
#------------------------------------------------------------------------
# wf_0:   psi(40,98,0)        cols: (6,7)
# wf_1:   psi(40,99,0)        cols: (8,9)
# wf_2:   psi(40,100,0)       cols: (10,11)
# wf_3:   psi(40,101,0)       cols: (12,13)
# wf_4:   psi(49,98,0)        cols: (14,15)
# wf_5:   psi(49,99,0)        cols: (16,17)
# wf_6:   psi(49,100,0)       cols: (18,19)
# wf_7:   psi(49,101,0)       cols: (20,21)
#------------------------------------------------------------------------
# basis   label   xcoord        ycoord        zcoord        Re[wf_1]      Im[wf_1]      Re[wf_2]      Im[wf_2]      Re[wf_3]      Im[wf_3]      Re[wf_4]      Im[wf_4]      Re[wf_5]      Im[wf_5]      Re[wf_6]      Im[wf_6]      Re[wf_7]      Im[wf_7]      Re[wf_8]      Im[wf_8]      
#------------------------------------------------------------------------
       0     0-0  0.000000E+00  0.000000E+00  0.000000E+00  1.665227E-02  0.000000E+00  7.049149E-16  0.000000E+00  1.110837E-02  0.000000E+00 -1.333702E-15  0.000000E+00 -1.108488E-15  0.000000E+00  1.489420E-02  0.000000E+00  1.420533E-02  0.000000E+00 -8.274631E-16  0.000000E+00
       1     0-1  0.000000E+00  0.000000E+00  0.000000E+00  2.492343E-16  1.567669E-16 -4.115024E-03 -1.031807E-02  1.202776E-15 -3.929183E-17 -1.665225E-02 -2.481781E-05  1.409487E-02 -1.768039E-03  7.528030E-16 -2.330397E-16  8.024075E-16  7.551709E-16  1.247337E-02  8.139533E-03
       2     1-0  8.660254E-01 -5.000000E-01  0.000000E+00 -3.901329E-03  8.930844E-03 -2.651910E-16  3.933504E-16  8.457865E-03 -5.356826E-03 -1.009157E-15  6.235676E-16  7.788908E-16 -2.827599E-16 -9.134531E-03  4.420770E-03  9.807894E-03  2.696196E-03 -7.025630E-16 -6.938894E-17
       3     1-1  8.660254E-01 -5.000000E-01  0.000000E+00 -2.355391E-16  4.364354E-17  8.108875E-03  5.871730E-03  4.120627E-16 -6.701595E-16 -3.914634E-03  8.925019E-03 -1.006721E-02 -1.454511E-03 -5.102010E-16  2.102242E-16  6.087992E-16  1.073466E-16  1.006576E-02  1.289690E-03
       4     2-0  8.660254E-01 -1.500000E+00  0.000000E+00  1.941671E-02 -1.678166E-02  7.229366E-16 -6.599742E-16  1.486321E-02 -1.030944E-02 -1.979687E-15  1.327335E-15 -1.450229E-15  2.012279E-16  2.271140E-02 -2.817116E-03  2.195695E-02 -1.154021E-04 -6.800116E-16 -4.984619E-17
       5     2-1  8.660254E-01 -1.500000E+00  0.000000E+00  4.098486E-16 -5.387897E-16 -1.508195E-02 -9.986701E-03  1.235114E-15 -9.318068E-16 -1.944170E-02  1.675271E-02  2.177186E-02 -2.847335E-03  1.201215E-15 -4.818305E-16  1.793061E-15  1.042152E-15  2.055954E-02  1.005232E-02
       6     3-0  1.732051E+00 -2.000000E+00  0.000000E+00  2.954277E-03  1.651981E-02  7.498427E-17  6.488798E-16  4.938182E-03 -1.871629E-02 -6.223945E-16  2.465552E-15  1.252470E-15 -3.677614E-16 -1.662941E-02  7.281767E-03  1.837481E-02  1.828371E-03 -6.591949E-16 -6.722053E-17
       7     3-1  1.732051E+00 -2.000000E+00  0.000000E+00 -1.378053E-16  7.415346E-16  1.921404E-02 -2.346472E-03 -1.150426E-17 -1.046161E-15  2.929654E-03  1.652419E-02 -1.845950E-02  4.728322E-04 -1.026974E-15  2.563144E-16  1.568325E-15  3.492031E-16  1.790597E-02  2.989581E-03
       8     4-0  1.732051E+00 -3.000000E+00  0.000000E+00  6.478518E-03 -3.428886E-02  2.409291E-16 -1.192768E-15  8.309200E-03 -2.384956E-02 -1.088247E-15  2.941449E-15 -1.190020E-15  3.556183E-16  3.057913E-02 -6.551101E-03  3.006382E-02 -1.334983E-03 -1.047773E-15  5.464379E-17
       9     4-1  1.732051E+00 -3.000000E+00  0.000000E+00 -6.327051E-17 -8.575233E-16 -2.523087E-02  1.116869E-03  4.368048E-16 -1.805029E-15 -6.529614E-03  3.427917E-02  2.966390E-02 -5.066439E-03  1.371323E-15 -7.894543E-16  2.391419E-15  1.166841E-15  2.918908E-02  1.122488E-02
      10     5-0  2.598076E+00 -3.500000E+00  0.000000E+00  1.723734E-02  1.664164E-02  5.724911E-16  5.306982E-16 -1.181824E-02 -2.608885E-02  1.340682E-15  3.091825E-15  9.749146E-16 -4.701101E-16 -2.377121E-02  1.126131E-02  2.686918E-02  2.547205E-05 -8.361367E-16 -1.982735E-17
      11     5-1  2.598076E+00 -3.500000E+00  0.000000E+00  8.520749E-16  7.789599E-16  1.985477E-02 -2.064187E-02 -8.300490E-16 -1.015653E-15  1.721252E-02  1.666731E-02 -2.666343E-02  3.318948E-03 -1.258472E-15  5.409531E-16  2.149668E-15  4.552794E-16  2.606177E-02  3.559775E-03
      12     6-0  2.598076E+00 -4.500000E+00  0.000000E+00 -2.024948E-02 -3.907098E-02 -7.648902E-16 -1.410311E-15 -9.721223E-03 -3.083494E-02  1.231261E-15  3.969966E-15 -1.457168E-15  4.562323E-16  3.788686E-02 -1.126844E-02  3.793292E-02 -3.575170E-03 -1.262879E-15  1.617630E-16
      13     6-1  2.598076E+00 -4.500000E+00  0.000000E+00 -7.516026E-16 -7.991530E-16 -2.504003E-02  2.045221E-02 -8.679572E-16 -1.686655E-15  2.019123E-02  3.910112E-02  3.719298E-02 -8.268619E-03  1.460382E-15 -7.715969E-16  3.096102E-15  1.300375E-15  3.788703E-02  1.126787E-02
      14     7-0  3.464102E+00 -5.000000E+00  0.000000E+00  3.079676E-02  3.979669E-03  1.192261E-15  1.686709E-16 -3.362844E-02 -1.734543E-02  4.122653E-15  2.197508E-15  1.238593E-15 -7.129713E-16 -3.035102E-02  1.611506E-02  3.506828E-02 -2.859878E-03 -1.262879E-15  1.340074E-16
      15     7-1  3.464102E+00 -5.000000E+00  0.000000E+00  1.309030E-15 -1.153980E-16  3.653961E-03 -3.766145E-02 -1.409943E-15 -3.050360E-16  3.079080E-02  4.025563E-03 -3.443965E-02  7.202347E-03 -1.498183E-15  8.203062E-16  2.991922E-15  6.796493E-16  3.422466E-02  3.090735E-03
      16     8-0  3.464102E+00 -6.000000E+00  0.000000E+00 -4.810671E-02 -2.214212E-02 -1.657952E-15 -8.114350E-16 -3.198119E-02 -2.282554E-02  4.039612E-15  2.964602E-15 -2.366163E-15  8.101159E-16  4.454964E-02 -1.688727E-02  4.546929E-02 -6.806402E-03 -1.540434E-15  2.471981E-16
      17     8-1  3.464102E+00 -6.000000E+00  0.000000E+00 -1.500272E-15 -4.780460E-16 -9.354398E-03  3.816146E-02 -1.863187E-15 -1.016935E-15  4.807365E-02  2.221379E-02  4.426859E-02 -1.241273E-02  1.662558E-15 -1.054370E-15  3.644805E-15  1.351836E-15  4.653751E-02  1.020343E-02
      18     9-0  4.330127E+00 -6.500000E+00  0.000000E+00  3.307733E-02 -1.877850E-02  1.195636E-15 -6.709044E-16 -4.608140E-02  8.730593E-03  5.837131E-15 -9.466825E-16  1.817990E-15 -1.106754E-15 -3.626922E-02  2.177909E-02  4.284676E-02 -6.771599E-03 -1.533496E-15  2.931683E-16
      19     9-1  4.330127E+00 -6.500000E+00  0.000000E+00  1.573398E-15 -7.589028E-16 -2.518001E-02 -3.956875E-02 -1.418602E-15  6.552484E-16  3.310528E-02 -1.872918E-02 -4.167078E-02  1.205179E-02 -1.538883E-15  1.079092E-15  3.473609E-15  5.908721E-16  4.227628E-02  1.581546E-03
      20    10-0  4.330127E+00 -7.500000E+00  0.000000E+00 -6.011988E-02  1.394504E-02 -2.078874E-15  5.893714E-16 -4.609058E-02  1.303979E-03  5.880117E-15 -7.202137E-17 -2.692291E-15  1.235123E-15  5.045802E-02 -2.332067E-02  5.255012E-02 -1.097908E-02 -1.623701E-15  3.504141E-16
      21    10-1  4.330127E+00 -7.500000E+00  0.000000E+00 -1.725576E-15  6.498410E-16  1.828516E-02  4.232842E-02 -2.310540E-15  2.527965E-16  6.014060E-02 -1.385542E-02  5.077501E-02 -1.743426E-02  1.895407E-15 -1.231080E-15  4.127359E-15  1.393072E-15  5.500136E-02  8.044561E-03
      22    11-0  5.196152E+00 -8.000000E+00  0.000000E+00  1.775333E-02 -4.122119E-02  6.186697E-16 -1.512742E-15 -3.691707E-02  4.183429E-02  4.765894E-15 -5.262572E-15  2.164935E-15 -1.415534E-15 -4.142972E-02  2.816391E-02  5.007964E-02 -1.165013E-02 -1.589007E-15  4.232725E-16
      23    11-1  5.196152E+00 -8.000000E+00  0.000000E+00  8.874688E-16 -2.042036E-15 -5.253368E-02 -1.879337E-02 -8.194177E-16  1.529080E-15  1.781474E-02 -4.119468E-02 -4.824022E-02  1.779261E-02 -1.723903E-15  1.183908E-15  3.940043E-15  5.629899E-16  5.008726E-02 -9.453669E-04
      24    12-0  5.196152E+00 -9.000000E+00  0.000000E+00 -4.443346E-02  5.441026E-02 -1.399585E-15  1.648206E-15 -4.108909E-02  3.309286E-02  5.200934E-15 -3.961425E-15 -2.740863E-15  1.498801E-15  5.551657E-02 -3.046842E-02  5.906186E-02 -1.602929E-02 -1.727785E-15  4.805184E-16
      25    12-1  5.196152E+00 -9.000000E+00  0.000000E+00 -1.179665E-15  1.586999E-15  4.595966E-02  2.590678E-02 -1.809639E-15  1.492300E-15  4.451450E-02 -5.434398E-02  5.660756E-02 -2.325567E-02  2.203012E-15 -1.373022E-15  4.787092E-15  1.401115E-15  6.314391E-02  4.823020E-03
      26    13-0  6.062178E+00 -9.500000E+00  0.000000E+00 -1.239826E-02 -5.005083E-02 -2.813360E-16 -1.494982E-15 -4.137366E-03  6.435032E-02  5.263592E-16 -8.145379E-15  2.296774E-15 -1.734723E-15 -4.574865E-02  3.516972E-02  5.665081E-02 -1.742006E-02 -1.797174E-15  5.620504E-16
      27    13-1  6.062178E+00 -9.500000E+00  0.000000E+00 -3.785808E-16 -2.264797E-15 -6.130478E-02  1.999514E-02  1.241436E-16  1.813967E-15 -1.232365E-02 -5.006926E-02 -5.404215E-02  2.433554E-02 -1.947334E-15  1.318477E-15  4.607468E-15  5.171076E-16  5.753283E-02 -4.452233E-03
      28    14-0  6.062178E+00 -1.050000E+01  0.000000E+00 -2.161596E-03  7.849286E-02 -2.781029E-17  2.607999E-15 -1.419157E-02  5.748878E-02  1.880074E-15 -6.717844E-15 -3.053113E-15  1.911665E-15  5.964293E-02 -3.821925E-02  6.489967E-02 -2.187941E-02 -1.984524E-15  7.077672E-16
      29    14-1  6.062178E+00 -1.050000E+01  0.000000E+00 -1.294978E-16  1.925194E-15  5.865592E-02 -8.114425E-03 -5.844813E-16  2.302582E-15  2.278576E-03 -7.848955E-02  6.167184E-02 -2.978690E-02  2.498423E-15 -1.554019E-15  5.260196E-15  1.246185E-15  7.083534E-02  5.869840E-04
      30    15-0  6.928203E+00 -1.100000E+01  0.000000E+00 -4.523906E-02 -3.638680E-02 -1.422903E-15 -1.189597E-15  4.079496E-02  6.046014E-02 -4.728895E-15 -7.163704E-15  2.525757E-15 -2.130240E-15 -4.915522E-02  4.268697E-02  6.245443E-02 -2.399214E-02 -1.838807E-15  7.112366E-16
      31    15-1  6.928203E+00 -1.100000E+01  0.000000E+00 -1.842588E-15 -1.690664E-15 -4.104648E-02  6.028967E-02  1.065398E-15  1.527327E-15 -4.518478E-02 -3.645418E-02 -5.898266E-02  3.157885E-02 -2.215089E-15  1.570319E-15  4.995766E-15  4.452273E-16  6.449381E-02 -8.886016E-03
      32    16-0  6.928203E+00 -1.200000E+01  0.000000E+00  5.090944E-02  6.994261E-02  1.996985E-15  2.402726E-15  2.605624E-02  6.004340E-02 -2.599819E-15 -6.799099E-15 -3.046174E-15  2.171874E-15  6.276921E-02 -4.645249E-02  6.996916E-02 -2.843944E-02 -2.053913E-15  9.332812E-16
      33    16-1  6.928203E+00 -1.200000E+01  0.000000E+00  1.427064E-15  1.396232E-15  4.611925E-02 -4.644515E-02  8.330973E-16  2.049748E-15 -5.080514E-02 -7.001840E-02  6.588544E-02 -3.692688E-02  2.563950E-15 -1.800484E-15  5.711973E-15  9.749892E-16  7.795288E-02 -4.599595E-03
      34    17-0  7.794229E+00 -1.250000E+01  0.000000E+00 -6.431487E-02 -1.674364E-03 -2.413765E-15  1.609784E-16  7.699912E-02  2.552957E-02 -8.472584E-15 -3.124359E-15  2.532696E-15 -2.435552E-15 -5.159277E-02  5.059816E-02  6.739656E-02 -3.126467E-02 -1.901257E-15  9.263423E-16
      35    17-1  7.794229E+00 -1.250000E+01  0.000000E+00 -2.690492E-15  1.154277E-16  4.810549E-03  8.097828E-02  1.734938E-15  5.970996E-16 -6.431230E-02 -1.770214E-03 -6.298120E-02  3.940995E-02 -2.404305E-15  2.040722E-15  5.450938E-15  2.261177E-16  7.085857E-02 -1.417927E-02
      36    18-0  7.794229E+00 -1.350000E+01  0.000000E+00  9.037027E-02  2.650379E-02  2.916457E-15  6.347604E-16  6.237941E-02  3.484469E-02 -6.629766E-15 -3.917762E-15 -3.115563E-15  2.504941E-15  6.484306E-02 -5.503999E-02  7.418789E-02 -3.560828E-02 -2.380041E-15  1.231654E-15
      37    18-1  7.794229E+00 -1.350000E+01  0.000000E+00  2.033479E-15  1.661427E-16  9.257624E-03 -7.084942E-02  1.636240E-15  1.193195E-15 -9.033067E-02 -2.663845E-02  6.917911E-02 -4.456506E-02  2.766135E-15 -1.926966E-15  6.103728E-15  4.694435E-16  8.438264E-02 -1.065799E-02
      38    19-0  8.660254E+00 -1.400000E+01  0.000000E+00 -5.704127E-02  4.122735E-02 -1.906080E-15  1.387807E-15  8.401818E-02 -2.938328E-02 -9.153392E-15  2.989440E-15  2.567391E-15 -2.754741E-15 -5.301974E-02  5.877968E-02  7.139666E-02 -3.912504E-02 -2.192690E-15  1.249001E-15
      39    19-1  8.660254E+00 -1.400000E+01  0.000000E+00 -1.912419E-15  1.796066E-15  5.841679E-02  6.715586E-02  1.601560E-15 -4.051972E-16 -5.710265E-02  4.114229E-02 -6.597187E-02  4.770707E-02 -2.462068E-15  2.266992E-15  5.718063E-15 -1.638352E-16  7.652472E-02 -2.025118E-02
      40    20-0  8.660254E+00 -1.500000E+01  0.000000E+00  9.460204E-02 -3.677464E-02  2.464600E-15 -1.174877E-15  7.640073E-02 -1.099222E-02 -7.906879E-15  9.198634E-16 -3.184952E-15  2.935152E-15  6.582849E-02 -6.384805E-02  7.748664E-02 -4.327541E-02 -2.456368E-15  1.477984E-15
      41    20-1  8.660254E+00 -1.500000E+01  0.000000E+00  1.350125E-15 -1.167160E-15 -3.851232E-02 -6.689321E-02  1.795884E-15  9.554451E-17 -9.465674E-02  3.663361E-02  7.149793E-02 -5.258313E-02  2.792048E-15 -2.197411E-15  6.304494E-15 -4.552590E-17  9.002142E-02 -1.749591E-02
      42    21-0  9.526279E+00 -1.550000E+01  0.000000E+00 -2.197687E-02  7.292598E-02 -5.942474E-16  2.100565E-15  5.277143E-02 -8.087352E-02 -5.579758E-15  8.603402E-15  2.588207E-15 -3.080869E-15 -5.341024E-02  6.710366E-02  7.438881E-02 -4.745152E-02 -2.331468E-15  1.672273E-15
      43    21-1  9.526279E+00 -1.550000E+01  0.000000E+00 -1.533173E-16  2.478391E-15  9.466860E-02  1.905794E-02  1.020077E-15 -1.104815E-15 -2.208553E-02  7.289314E-02 -6.790442E-02  5.634121E-02 -2.570108E-15  2.555409E-15  5.934374E-15 -6.071802E-16  8.140073E-02 -2.700882E-02
      44    22-0  9.526279E+00 -1.650000E+01  0.000000E+00  5.614956E-02 -9.277900E-02  1.296051E-15 -2.336334E-15  5.784267E-02 -5.902114E-02 -5.700100E-15  5.675014E-15 -3.330669E-15  3.476386E-15  6.570640E-02 -7.273955E-02  7.981046E-02 -5.132251E-02 -2.511880E-15  1.748601E-15
      45    22-1  9.526279E+00 -1.650000E+01  0.000000E+00  3.018292E-16 -1.621439E-15 -7.624952E-02 -3.186347E-02  1.397574E-15 -7.970551E-16 -5.628777E-02  9.269521E-02  7.280212E-02 -6.085689E-02  2.831794E-15 -2.544044E-15  6.413146E-15 -6.075394E-16  9.477830E-02 -2.500895E-02
      46    23-0  1.039230E+01 -1.700000E+01  0.000000E+00  2.875815E-02  7.643983E-02  6.907448E-16  1.828868E-15 -8.066628E-03 -1.034586E-01  6.970158E-16  1.038372E-14  2.643719E-15 -3.594347E-15 -5.275450E-02  7.544006E-02  7.632277E-02 -5.611509E-02 -2.352285E-15  1.845746E-15
      47    23-1  1.039230E+01 -1.700000E+01  0.000000E+00  1.419246E-15  1.813658E-15  9.310977E-02 -4.581827E-02  2.131610E-16 -1.230952E-15  2.864419E-02  7.648260E-02 -6.874505E-02  6.517812E-02 -2.571276E-15  2.750701E-15  5.994606E-15 -1.135952E-15  8.540733E-02 -3.434862E-02
      48    24-0  1.039230E+01 -1.800000E+01  0.000000E+00 -1.278491E-02 -1.142835E-01 -3.923968E-16 -2.764203E-15  1.072844E-02 -8.712942E-02 -1.092676E-15  7.815063E-15 -3.420875E-15  4.059253E-15  6.447493E-02 -8.157606E-02  8.111956E-02 -5.962537E-02 -2.636780E-15  2.053913E-15
      49    24-1  1.039230E+01 -1.800000E+01  0.000000E+00 -5.923599E-16 -1.200423E-15 -8.490488E-02  2.231135E-02  5.993744E-16 -1.459034E-15  1.261457E-02  1.143024E-01  7.306763E-02 -6.925813E-02  2.718217E-15 -2.829441E-15  6.539427E-15 -1.087837E-15  9.857605E-02 -3.308221E-02
      50    25-0  1.125833E+01 -1.850000E+01  0.000000E+00  7.368879E-02  4.601386E-02  1.760061E-15  1.055208E-15 -7.404603E-02 -8.214967E-02  6.984320E-15  7.481587E-15  2.678413E-15 -4.093947E-15 -5.105901E-02  8.365860E-02  7.716471E-02 -6.498150E-02 -2.421674E-15  2.067790E-15
      51    25-1  1.125833E+01 -1.850000E+01  0.000000E+00  2.028900E-15  2.458626E-16  4.887527E-02 -9.920983E-02 -5.902363E-16 -1.108419E-15  7.362013E-02  4.612363E-02 -6.847690E-02  7.408038E-02 -2.390242E-15  3.080167E-15  6.129993E-15 -1.682535E-15  8.847877E-02 -4.215793E-02
      52    26-0  1.125833E+01 -1.950000E+01  0.000000E+00 -8.404884E-02 -8.721551E-02 -2.419339E-15 -2.032572E-15 -4.685468E-02 -7.988574E-02  3.547194E-15  6.581263E-15 -3.053113E-15  4.198031E-15  6.214942E-02 -9.021999E-02  8.138989E-02 -6.805580E-02 -2.609024E-15  2.532696E-15
      53    26-1  1.125833E+01 -1.950000E+01  0.000000E+00 -1.281160E-15 -3.236421E-16 -5.684526E-02  7.311435E-02 -3.611890E-16 -1.622509E-15  8.391877E-02  8.734068E-02  7.228659E-02 -7.765666E-02  2.496004E-15 -3.106160E-15  6.329817E-15 -1.597029E-15  1.013523E-01 -4.159207E-02
      54    27-0  1.212436E+01 -2.000000E+01  0.000000E+00  9.134893E-02 -8.680840E-03  2.360642E-15 -4.039561E-16 -1.150868E-01 -2.113747E-02  9.899175E-15  1.717552E-15  2.629841E-15 -4.343748E-15 -4.834641E-02  9.163082E-02  7.689778E-02 -7.391334E-02 -2.435552E-15  2.588207E-15
      55    27-1  1.212436E+01 -2.000000E+01  0.000000E+00  1.588756E-15 -1.006314E-15 -2.299949E-02 -1.147292E-01 -1.140221E-15 -5.634045E-16  9.136176E-02 -8.544688E-03 -6.710036E-02  8.290955E-02 -2.241456E-15  3.351686E-15  6.009097E-15 -2.039351E-15  9.056380E-02 -5.031680E-02
      56    28-0  1.212436E+01 -2.100000E+01  0.000000E+00 -1.254084E-01 -1.876005E-02 -3.167337E-15 -8.760354E-17 -8.990716E-02 -3.666800E-02  6.510651E-15  2.887240E-15 -2.550044E-15  4.121703E-15  5.876224E-02 -9.853672E-02  8.061356E-02 -7.648360E-02 -2.650657E-15  2.768619E-15
      57    28-1  1.212436E+01 -2.100000E+01  0.000000E+00 -1.234390E-15  5.185650E-16 -7.537442E-04  9.709414E-02 -1.339367E-15 -1.116771E-15  1.253803E-01  1.894693E-02  7.046734E-02 -8.592230E-02  2.309016E-15 -3.282472E-15  6.105894E-15 -2.056189E-15  1.030607E-01 -5.040811E-02
      58    29-0  1.299038E+01 -2.150000E+01  0.000000E+00  7.061050E-02 -6.549361E-02  1.656273E-15 -1.847587E-15 -1.094468E-01  5.612293E-02  8.485066E-15 -4.445310E-15  2.334938E-15 -4.371503E-15 -4.465513E-02  9.923208E-02  7.552234E-02 -8.277216E-02 -2.463307E-15  2.775558E-15
      59    29-1  1.299038E+01 -2.150000E+01  0.000000E+00  3.895049E-16 -1.627953E-15 -9.267392E-02 -8.086986E-02 -1.334551E-15  2.651212E-16  7.070803E-02 -6.538830E-02 -6.463302E-02  9.152829E-02 -2.108296E-15  3.641810E-15  5.705559E-15 -2.468530E-15  9.162649E-02 -5.869984E-02
      60    30-0  1.299038E+01 -2.250000E+01  0.000000E+00 -1.154226E-01  6.408130E-02 -2.446178E-15  1.698634E-15 -9.766550E-02  2.660480E-02  6.536726E-15 -1.499657E-15 -2.147588E-15  3.878842E-15  5.436221E-02 -1.063967E-01  7.879892E-02 -8.477861E-02 -2.532696E-15  3.386180E-15
      61    30-1  1.299038E+01 -2.250000E+01  0.000000E+00 -3.861239E-16  1.075445E-15  6.089154E-02  8.086152E-02 -1.743626E-15 -5.476763E-17  1.155180E-01 -6.390920E-02  6.763439E-02 -9.392695E-02  2.261564E-15 -3.469948E-15  5.817703E-15 -2.484756E-15  1.036712E-01 -5.939514E-02
      62    31-0  1.385641E+01 -2.300000E+01  0.000000E+00  1.698228E-02 -9.905630E-02  3.509944E-16 -2.407278E-15 -5.493299E-02  1.162003E-01  3.694466E-15 -8.121448E-15  1.811051E-15 -4.031497E-15 -4.003882E-02  1.063435E-01  7.305600E-02 -9.142064E-02 -2.442491E-15  3.448630E-15
      63    31-1  1.385641E+01 -2.300000E+01  0.000000E+00 -8.291586E-16 -1.360671E-15 -1.282828E-01 -7.979143E-03 -9.427257E-16  1.032464E-15  1.712989E-02 -9.903088E-02 -6.110944E-02  9.980255E-02 -1.903909E-15  3.827899E-15  5.432797E-15 -2.872120E-15  9.164681E-02 -6.717817E-02
      64    32-0  1.385641E+01 -2.400000E+01  0.000000E+00 -5.435044E-02  1.254819E-01 -6.473767E-16  2.285082E-15 -6.366169E-02  8.347347E-02  4.096846E-15 -4.815536E-15 -2.078199E-15  4.357625E-15  4.901394E-02 -1.136775E-01  7.597045E-02 -9.281270E-02 -2.470246E-15  3.684553E-15
      65    32-1  1.385641E+01 -2.400000E+01  0.000000E+00  3.922787E-16  1.101657E-15  1.011178E-01  2.821029E-02 -1.261133E-15  1.017038E-15  5.453739E-02 -1.254007E-01  6.382796E-02 -1.015465E-01  1.923223E-15 -3.626922E-15  5.476115E-15 -2.837591E-15  1.031711E-01 -6.841532E-02
      66    33-0  1.472243E+01 -2.450000E+01  0.000000E+00 -4.849734E-02 -9.236739E-02 -1.053240E-15 -1.738450E-15  2.832880E-02  1.305528E-01 -1.756531E-15 -8.331678E-15  1.602884E-15 -4.336809E-15 -3.456550E-02  1.128538E-01  6.953328E-02 -9.972469E-02 -2.331468E-15  3.948231E-15
      67    33-1  1.472243E+01 -2.450000E+01  0.000000E+00 -1.480317E-15 -5.190216E-16 -1.107704E-01  7.467579E-02 -1.867475E-17  1.294695E-15 -4.835962E-02 -9.243957E-02 -5.658056E-02  1.076036E-01 -1.623945E-15  3.979631E-15  5.132304E-15 -3.192427E-15  9.062090E-02 -7.562141E-02
      68    34-0  1.472243E+01 -2.550000E+01  0.000000E+00  3.439083E-02  1.367129E-01  5.606520E-16  1.883599E-15  1.956092E-04  1.083476E-01  2.933463E-16 -5.564623E-15 -1.814521E-15  4.385381E-15  4.279672E-02 -1.202656E-01  7.216838E-02 -1.004618E-01 -2.282896E-15  3.913536E-15
      69    34-1  1.472243E+01 -2.550000E+01  0.000000E+00  9.067613E-16  4.661834E-16  1.005668E-01 -4.031836E-02 -5.049362E-16  1.496539E-15 -3.418705E-02 -1.367640E-01  5.910343E-02 -1.086629E-01  1.580600E-15 -3.675240E-15  5.100040E-15 -3.134748E-15  1.015647E-01 -7.733027E-02
      70    35-0  1.558846E+01 -2.600000E+01  0.000000E+00 -9.777571E-02 -4.531203E-02 -1.439015E-15 -6.934017E-16  1.055012E-01  8.920550E-02 -5.892894E-15 -4.931281E-15  1.354819E-15 -4.343748E-15 -2.831652E-02  1.186609E-01  6.500512E-02 -1.075556E-01 -1.977585E-15  4.232725E-15
      71    35-1  1.558846E+01 -2.600000E+01  0.000000E+00 -1.436477E-15  5.090353E-16 -4.377674E-02  1.310410E-01  6.423330E-16  1.024452E-15 -9.770807E-02 -4.545770E-02 -5.111296E-02  1.148100E-01 -1.218366E-15  3.943777E-15  4.769410E-15 -3.467205E-15  8.856114E-02 -8.389971E-02
      72    36-0  1.558846E+01 -2.700000E+01  0.000000E+00  1.134726E-01  8.975496E-02  1.434166E-15  1.055218E-15  6.782967E-02  8.826543E-02 -2.709683E-15 -4.303127E-15 -1.602884E-15  4.676814E-15  3.580338E-02 -1.260583E-01  6.744806E-02 -1.076078E-01 -1.911665E-15  3.906597E-15
      73    36-1  1.558846E+01 -2.700000E+01  0.000000E+00  1.027770E-15 -9.897483E-17  5.685873E-02 -9.570127E-02  6.047604E-16  1.498561E-15 -1.133387E-01 -8.992397E-02  5.353040E-02 -1.151659E-01  1.367623E-15 -3.682759E-15  4.759710E-15 -3.357755E-15  9.887370E-02 -8.600323E-02
      74    37-0  1.645448E+01 -2.750000E+01  0.000000E+00 -1.081509E-01  2.412112E-02 -1.434456E-15  2.872515E-16  1.420649E-01  6.643984E-03 -6.621875E-15 -5.345324E-16  1.042569E-15 -4.711509E-15 -2.138526E-02  1.236739E-01  5.953811E-02 -1.147920E-01 -1.637579E-15  4.267420E-15
      75    37-1  1.645448E+01 -2.750000E+01  0.000000E+00 -7.417733E-16  1.334332E-15  4.645572E-02  1.344190E-01  1.182782E-15  3.649971E-16 -1.081867E-01  2.395991E-02 -4.478779E-02  1.213097E-01 -9.154729E-16  3.847435E-15  4.413446E-15 -3.666962E-15  8.549600E-02 -9.188578E-02
      76    38-0  1.645448E+01 -2.850000E+01  0.000000E+00  1.478385E-01  2.087626E-03  1.499790E-15 -4.535776E-16  1.099885E-01  2.950875E-02 -3.952016E-15 -1.746949E-15 -1.203898E-15  4.857226E-15  2.813879E-02 -1.309651E-01  6.187910E-02 -1.141404E-01 -1.616762E-15  4.107825E-15
      77    38-1  1.645448E+01 -2.850000E+01  0.000000E+00  7.335939E-16 -7.753249E-16 -1.333516E-02 -1.130947E-01  1.370228E-15  8.966156E-16 -1.478352E-01 -2.307956E-03  4.719168E-02 -1.209545E-01  9.017104E-16 -3.629698E-15  4.430677E-15 -3.500922E-15  9.513643E-02 -9.430120E-02
      78    39-0  1.732051E+01 -2.900000E+01  0.000000E+00 -7.290040E-02  8.691957E-02 -6.198483E-16  1.111813E-15  1.196040E-01 -8.330714E-02 -4.977715E-15  3.008760E-15  8.404735E-16 -4.912737E-15 -1.387572E-02  1.278140E-01  5.321337E-02 -1.213216E-01 -1.373901E-15  4.427014E-15
      79    39-1  1.732051E+01 -2.900000E+01  0.000000E+00  2.328794E-16  1.471247E-15  1.216868E-01  8.023419E-02  1.218010E-15 -3.880416E-16 -7.302986E-02  8.681083E-02 -3.769954E-02  1.270013E-01 -6.886795E-16  3.836568E-15  4.069069E-15 -3.803637E-15  8.146953E-02 -9.945685E-02
      80    40-0  1.732051E+01 -3.000000E+01  0.000000E+00  1.206168E-01 -8.998267E-02  7.244312E-16 -9.587911E-16  1.072466E-01 -4.425719E-02 -3.310201E-15  5.783787E-16 -8.517492E-16  4.281298E-15  1.991825E-02 -1.349096E-01  5.554431E-02 -1.199588E-01 -1.366962E-15  4.492934E-15
      81    40-1  1.732051E+01 -3.000000E+01  0.000000E+00 -1.268971E-18 -1.029864E-15 -8.083731E-02 -8.322177E-02  1.676784E-15 -4.584475E-17 -1.207508E-01  8.980281E-02  4.018197E-02 -1.259392E-01  8.474016E-16 -3.473142E-15  4.064325E-15 -3.627008E-15  9.040762E-02 -1.020970E-01
      82    41-0  1.818653E+01 -3.050000E+01  0.000000E+00 -5.135321E-03  1.155478E-01  2.460513E-16  9.372439E-16  4.499980E-02 -1.417885E-01 -1.825178E-15  4.195053E-15  5.360296E-16 -4.413137E-15 -5.900867E-03  1.310160E-01  4.612539E-02 -1.270433E-01 -1.082467E-15  4.628242E-15
      83    41-1  1.818653E+01 -3.050000E+01  0.000000E+00  9.927660E-16  1.005908E-15  1.483708E-01 -1.072632E-02  7.907380E-16 -1.047181E-15 -5.307522E-03  1.155400E-01 -2.995453E-02  1.317964E-01 -4.356149E-16  3.813439E-15  3.730643E-15 -3.903410E-15  7.654072E-02 -1.064966E-01
      84    42-0  1.818653E+01 -3.150000E+01  0.000000E+00  4.139777E-02 -1.468360E-01  1.949869E-16 -7.923136E-16  5.910091E-02 -1.018252E-01 -2.018051E-15  1.467289E-15 -5.700735E-16  4.239664E-15  1.126570E-02 -1.378299E-01  4.853837E-02 -1.249733E-01 -1.094611E-15  4.912737E-15
      85    42-1  1.818653E+01 -3.150000E+01  0.000000E+00 -5.260902E-16 -8.617170E-16 -1.164744E-01 -1.717569E-02  1.298451E-15 -1.002412E-15 -4.161656E-02  1.467741E-01  3.260639E-02 -1.300427E-01  5.565496E-16 -3.395602E-15  3.734014E-15 -3.722275E-15  8.475732E-02 -1.092712E-01
      86    43-0  1.905256E+01 -3.200000E+01  0.000000E+00  6.719962E-02  9.633151E-02  5.081167E-16  6.973713E-16 -5.152948E-02 -1.421605E-01  5.621580E-16  3.342659E-15  2.736526E-16 -4.343748E-15  2.419078E-03  1.332292E-01  3.838050E-02 -1.318684E-01 -7.901665E-16  5.041106E-15
      87    43-1  1.905256E+01 -3.200000E+01  0.000000E+00  1.264697E-15  1.716666E-16  1.129578E-01 -1.005258E-01  3.466920E-17 -1.296791E-15  6.705598E-02  9.643156E-02 -2.166931E-02  1.356200E-01 -1.447117E-16  3.686575E-15  3.396850E-15 -3.972922E-15  7.078259E-02 -1.128969E-01
      88    44-0  1.905256E+01 -3.300000E+01  0.000000E+00 -5.718280E-02 -1.430710E-01  1.600313E-16 -2.701947E-16 -1.515102E-02 -1.180469E-01 -7.903442E-16  1.587452E-15 -4.308619E-16  3.805983E-15  2.311794E-03 -1.396802E-01  4.096639E-02 -1.291066E-01 -8.448103E-16  5.301315E-15
      89    44-1  1.905256E+01 -3.300000E+01  0.000000E+00 -9.553312E-16 -4.057575E-16 -1.040359E-01  5.780281E-02  4.838322E-16 -1.507755E-15  5.696951E-02  1.431561E-01  2.457883E-02 -1.332015E-01  1.856308E-16 -3.252059E-15  3.375019E-15 -3.780170E-15  7.826994E-02 -1.157140E-01
      90    45-0  1.991858E+01 -3.350000E+01  0.000000E+00  1.132182E-01  3.603621E-02  2.907280E-16  4.515444E-16 -1.290662E-01 -8.236564E-02  1.585319E-15  1.924319E-15  1.266077E-16 -3.833739E-15  1.095854E-02  1.344185E-01  3.009522E-02 -1.357222E-01 -3.543173E-16  5.394990E-15
      91    45-1  1.991858E+01 -3.350000E+01  0.000000E+00  1.206048E-15 -6.382166E-16  2.869402E-02 -1.503956E-01 -6.808055E-16 -1.059691E-15  1.131644E-01  3.620491E-02 -1.296881E-02  1.384126E-01  7.787807E-17  3.513240E-15  3.046469E-15 -4.000707E-15  6.428101E-02 -1.185596E-01
      92    46-0  1.991858E+01 -3.450000E+01  0.000000E+00 -1.333188E-01 -7.910998E-02  2.805765E-16 -7.855556E-17 -8.439691E-02 -8.510724E-02 -5.498228E-16  9.783640E-16 -1.201296E-16  3.747003E-15 -6.808128E-03 -1.404315E-01  3.294228E-02 -1.322953E-01 -5.117434E-16  5.054984E-15
      93    46-1  1.991858E+01 -3.450000E+01  0.000000E+00 -9.514860E-16  2.037074E-16 -4.778801E-02  1.099199E-01 -4.763638E-16 -1.463562E-15  1.332007E-01  7.930858E-02  1.622025E-02 -1.353667E-01  4.078305E-17 -3.156146E-15  3.023906E-15 -3.809198E-15  7.104286E-02 -1.213271E-01
      94    47-0  2.078461E+01 -3.500000E+01  0.000000E+00  1.126661E-01 -4.054064E-02  1.010263E-16  8.319608E-17 -1.538576E-01  1.342194E-02  1.061479E-15  8.875414E-16 -1.041512E-16 -3.797310E-15  1.958854E-02  1.345644E-01  2.139449E-02 -1.385449E-01 -1.100465E-16  5.072331E-15
      95    47-1  2.078461E+01 -3.500000E+01  0.000000E+00  5.413249E-16 -1.150429E-15 -6.946256E-02 -1.379393E-01 -1.136966E-15 -4.496327E-16  1.127264E-01 -4.037269E-02 -3.984405E-03  1.401304E-01  3.941812E-16  3.366195E-15  2.703596E-15 -4.003531E-15  5.713341E-02 -1.233980E-01
      96    48-0  2.078461E+01 -3.600000E+01  0.000000E+00 -1.542935E-01  1.852156E-02  4.742169E-16 -6.915844E-16 -1.191500E-01 -1.630779E-02 -7.745293E-16  9.539784E-16 -1.413800E-16  3.412418E-15 -1.595615E-02 -1.400714E-01  2.458696E-02 -1.344903E-01 -1.140581E-16  4.947648E-15
      97    48-1  2.078461E+01 -3.600000E+01  0.000000E+00 -5.759598E-16  7.628028E-16  2.899078E-02  1.167142E-01 -1.199708E-15 -8.773973E-16  1.543210E-01 -1.829159E-02  7.656697E-03 -1.365047E-01 -2.298788E-16 -2.962679E-15  2.680634E-15 -3.809421E-15  6.318494E-02 -1.260248E-01
      98    49-0  2.165064E+01 -3.650000E+01  0.000000E+00  6.505963E-02 -1.010952E-01  3.386685E-16  4.799592E-16 -1.144026E-01  1.048871E-01  3.728700E-16  8.100133E-16 -1.664250E-16 -3.291638E-15  2.817866E-02  1.336637E-01  1.240968E-02 -1.402929E-01  3.527994E-16  5.113965E-15
      99    49-1  2.165064E+01 -3.650000E+01  0.000000E+00 -3.078073E-16 -1.284397E-15 -1.398046E-01 -6.740864E-02 -1.145407E-15  2.885887E-16  6.521023E-02 -1.009982E-01  5.148102E-03  1.407466E-01  5.224047E-16  3.179292E-15  2.369926E-15 -3.979439E-15  4.944726E-02 -1.273381E-01
     100    50-0  2.165064E+01 -3.750000E+01  0.000000E+00 -1.109394E-01  1.085436E-01  8.052694E-17 -1.142697E-15 -1.044761E-01  5.947905E-02 -8.910531E-16  1.959589E-15  2.491497E-16  3.611694E-15 -2.499392E-02 -1.386052E-01  1.602651E-02 -1.356583E-01  2.842778E-16  5.185088E-15
     101    50-1  2.165064E+01 -3.750000E+01  0.000000E+00 -8.463116E-18  1.018116E-15  9.394988E-02  7.500949E-02 -1.434283E-15 -9.808567E-18  1.111010E-01 -1.083781E-01 -9.825643E-04 -1.365982E-01 -4.106929E-16 -2.911214E-15  2.347576E-15 -3.782620E-15  5.481485E-02 -1.297360E-01
     102    51-0  2.251666E+01 -3.800000E+01  0.000000E+00 -9.819473E-03 -1.198593E-01  6.795564E-16  4.008092E-16 -2.686524E-02  1.530614E-01  5.784528E-16  1.943718E-15 -5.546778E-16 -3.404178E-15  3.659914E-02  1.317295E-01  3.276593E-03 -1.409392E-01  7.728193E-16  5.302182E-15
     103    51-1  2.251666E+01 -3.800000E+01  0.000000E+00 -9.321459E-16 -8.544110E-16 -1.521239E-01  3.174669E-02 -7.346600E-16  8.720791E-16 -9.640829E-03 -1.198738E-01  1.429062E-02  1.402511E-01  7.921690E-16  2.949074E-15  2.047813E-15 -3.929892E-15  4.133839E-02 -1.303200E-01
     104    52-0  2.251666E+01 -3.900000E+01  0.000000E+00 -2.174947E-02  1.529028E-01 -8.715158E-16 -1.352157E-15 -4.659346E-02  1.103007E-01  4.197558E-16  3.238026E-15  2.825431E-16  3.518019E-15 -3.378479E-02 -1.360551E-01  7.390173E-03 -1.357817E-01  5.839513E-16  4.902329E-15
     105    52-1  2.251666E+01 -3.900000E+01  0.000000E+00  5.377562E-16  8.698044E-16  1.197136E-01  2.418395E-03 -1.126292E-15  8.011618E-16  2.197733E-02 -1.528702E-01 -9.567104E-03 -1.356457E-01 -5.535032E-16 -2.719270E-15  2.026998E-15 -3.730627E-15  4.605921E-02 -1.324045E-01
     106    53-0  2.338269E+01 -3.950000E+01  0.000000E+00 -8.040307E-02 -8.888997E-02  1.145027E-15  5.425458E-18  7.176047E-02  1.374144E-01  2.708040E-15  2.212019E-15 -5.698567E-16 -3.301179E-15  4.472282E-02  1.287909E-01 -5.866683E-03 -1.404739E-01  9.796851E-16  5.093148E-15
     107    53-1  2.338269E+01 -3.950000E+01  0.000000E+00 -1.204141E-15 -2.466930E-17 -1.010549E-01  1.175593E-01 -8.321106E-17  1.096113E-15 -8.027050E-02 -8.900970E-02  2.330489E-02  1.386515E-01  9.434313E-16  2.834208E-15  1.739315E-15 -3.856792E-15  3.292916E-02 -1.322985E-01
     108    54-0  2.338269E+01 -4.050000E+01  0.000000E+00  7.524205E-02  1.333447E-01 -1.626655E-15 -9.237202E-16  2.984066E-02  1.150065E-01  2.311721E-15  3.509107E-15  6.019490E-16  3.406997E-15 -4.219596E-02 -1.324603E-01 -1.191614E-03 -1.348592E-01  9.536642E-16  5.304784E-15
     109    54-1  2.338269E+01 -4.050000E+01  0.000000E+00  9.269432E-16  3.411773E-16  9.577012E-02 -7.032106E-02 -4.268497E-16  1.259541E-15 -7.504323E-02 -1.334567E-01 -1.796734E-02 -1.336623E-01 -7.110361E-16 -2.629719E-15  1.720850E-15 -3.655408E-15  3.705061E-02 -1.339906E-01
     110    55-0  2.424871E+01 -4.100000E+01  0.000000E+00 -1.170511E-01 -2.153315E-02  1.108711E-15 -6.006045E-16  1.397579E-01  6.486068E-02  4.626293E-15  7.399693E-16 -8.135853E-16 -3.391384E-15  5.242716E-02  1.248926E-01 -1.488189E-02 -1.389044E-01  1.371692E-15  5.058454E-15
     111    55-1  2.424871E+01 -4.100000E+01  0.000000E+00 -8.828402E-16  6.993862E-16 -8.473756E-03  1.538421E-01  5.522560E-16  9.026000E-16 -1.170189E-01 -2.170758E-02  3.205465E-02  1.359721E-01  1.103589E-15  2.603794E-15  1.446217E-15 -3.762152E-15  2.434664E-02 -1.332441E-01
     112    56-0  2.424871E+01 -4.200000E+01  0.000000E+00  1.391555E-01  5.916628E-02 -2.519934E-15  5.552914E-16  9.254383E-02  7.232696E-02  4.576806E-15  1.836878E-15  7.112366E-16  2.824130E-15 -5.010050E-02 -1.278760E-01 -9.589272E-03 -1.329057E-01  1.548241E-15  5.346418E-15
     113    56-1  2.424871E+01 -4.200000E+01  0.000000E+00  7.571082E-16 -3.786753E-16  3.289902E-02 -1.127528E-01  3.772044E-16  1.220508E-15 -1.390672E-01 -5.937360E-02 -2.605656E-02 -1.306788E-01 -7.996516E-16 -2.399159E-15  1.430808E-15 -3.559025E-15  2.792557E-02 -1.344712E-01
     114    57-0  2.511474E+01 -4.250000E+01  0.000000E+00 -1.048817E-01  5.348950E-02  6.867352E-16 -1.622465E-15  1.488657E-01 -3.337044E-02  5.210442E-15 -2.421684E-15 -8.864437E-16 -3.014949E-15  5.959612E-02  1.200941E-01 -2.363277E-02 -1.362552E-01  1.951130E-15  5.419276E-15
     115    57-1  2.511474E+01 -4.250000E+01  0.000000E+00 -3.426773E-16  1.143155E-15  8.614263E-02  1.259128E-01  9.381095E-16  3.924608E-16 -1.049613E-01  5.333313E-02  4.040775E-02  1.322543E-01  1.115421E-15  2.409901E-15  1.170032E-15 -3.648070E-15  1.572056E-02 -1.331433E-01
     116    58-0  2.511474E+01 -4.350000E+01  0.000000E+00  1.440211E-01 -3.724102E-02 -1.991796E-15  2.450284E-15  1.156563E-01  1.141107E-03  5.629834E-15 -1.164046E-15  5.863365E-16  1.991463E-15 -5.737938E-02 -1.223730E-01 -1.767608E-02 -1.299521E-01  1.541302E-15  5.218048E-15
     117    58-1  2.511474E+01 -4.350000E+01  0.000000E+00  4.727788E-16 -7.045092E-16 -4.178417E-02 -1.078506E-01  9.796652E-16  7.351289E-16 -1.440764E-01  3.702633E-02 -3.371288E-02 -1.267416E-01 -9.424600E-16 -2.176353E-15  1.158277E-15 -3.443605E-15  1.882243E-02 -1.338405E-01
     118    59-0  2.598076E+01 -4.400000E+01  0.000000E+00 -5.001050E-02  1.046876E-01 -6.338101E-16 -2.270166E-15  9.639402E-02 -1.155573E-01  3.539174E-15 -5.956331E-15 -7.112366E-16 -2.282896E-15  6.612199E-02  1.144690E-01 -3.198716E-02 -1.325675E-01  2.223048E-15  5.183354E-15
     119    59-1  2.598076E+01 -4.400000E+01  0.000000E+00  3.627593E-16  1.089018E-15  1.430445E-01  4.672863E-02  9.498028E-16 -2.223476E-16 -5.016646E-02  1.046129E-01  4.823820E-02  1.275555E-01  1.231340E-15  2.203534E-15  9.120117E-16 -3.516691E-15  7.181328E-03 -1.319989E-01
     120    60-0  2.598076E+01 -4.500000E+01  0.000000E+00  8.967337E-02 -1.149081E-01 -3.351292E-16  3.562122E-15  9.074665E-02 -6.807735E-02  4.358931E-15 -4.611216E-15  5.898060E-16  1.623701E-15 -6.392326E-02 -1.160362E-01 -2.533016E-02 -1.260450E-01  1.752071E-15  4.739265E-15
     121    60-1  2.598076E+01 -4.500000E+01  0.000000E+00 -8.478387E-17 -8.597792E-16 -9.685049E-02 -5.907168E-02  1.171732E-15  1.821898E-17 -8.984452E-02  1.147744E-01 -4.082114E-02 -1.219122E-01 -9.710591E-16 -2.019016E-15  9.044049E-16 -3.311305E-15  9.879153E-03 -1.321098E-01
     122    61-0  2.684679E+01 -4.550000E+01  0.000000E+00  2.349804E-02  1.114275E-01 -2.078841E-15 -1.763639E-15  5.936193E-03 -1.477340E-01 -7.441372E-16 -7.776883E-15 -5.204170E-16 -1.814521E-15  7.190704E-02  1.081038E-01 -3.981906E-02 -1.278988E-01  2.317591E-15  4.954370E-15
     123    61-1  2.684679E+01 -4.550000E+01  0.000000E+00  9.020329E-16  6.929400E-16  1.394225E-01 -4.921324E-02  6.114692E-16 -7.058444E-16  2.333195E-02  1.114624E-01  5.542811E-02  1.219483E-01  1.289475E-15  1.948663E-15  6.731496E-16 -3.370183E-15 -1.142002E-03 -1.298297E-01
     124    62-0  2.684679E+01 -4.650000E+01  0.000000E+00  1.073310E-03 -1.422162E-01  2.034170E-15  3.371371E-15  2.995315E-02 -1.066830E-01  6.507221E-16 -7.263300E-15  5.585810E-16  1.498801E-15 -6.963424E-02 -1.089635E-01 -3.243633E-02 -1.212454E-01  1.991463E-15  4.239664E-15
     125    62-1  2.684679E+01 -4.650000E+01  0.000000E+00 -5.957687E-16 -5.839820E-16 -1.101890E-01  1.169787E-02  9.145236E-16 -6.441356E-16 -1.285261E-03  1.422144E-01 -4.727469E-02 -1.162655E-01 -1.099219E-15 -1.765864E-15  6.700926E-16 -3.164282E-15  1.231242E-03 -1.293076E-01
     126    63-0  2.771281E+01 -4.700000E+01  0.000000E+00  8.445544E-02  7.251847E-02 -2.942534E-15 -3.036282E-16 -8.346649E-02 -1.181750E-01 -5.990376E-15 -6.493225E-15 -6.730727E-16 -1.589007E-15  7.686505E-02  1.010962E-01 -4.701059E-02 -1.223216E-01  2.532696E-15  4.260481E-15
     127    63-1  2.771281E+01 -4.700000E+01  0.000000E+00  9.951341E-16 -4.729848E-17  7.884782E-02 -1.213054E-01  7.668489E-17 -8.887142E-16  8.434726E-02  7.264426E-02  6.186957E-02  1.155194E-01  1.333562E-15  1.773084E-15  4.542011E-16 -3.210703E-15 -9.123733E-03 -1.266706E-01
     128    64-0  2.771281E+01 -4.800000E+01  0.000000E+00 -8.335031E-02 -1.101856E-01  3.985859E-15  1.843613E-15 -3.994063E-02 -1.000900E-01 -4.306913E-15 -6.628584E-15  4.579670E-16  1.165734E-15 -7.442734E-02 -1.012642E-01 -3.888796E-02 -1.156286E-01  2.397388E-15  4.107825E-15
     129    64-1  2.771281E+01 -4.800000E+01  0.000000E+00 -8.027329E-16 -2.093635E-16 -7.817339E-02  7.417675E-02  3.419859E-16 -1.008521E-15  8.318600E-02  1.103097E-01 -5.297707E-02 -1.098893E-01 -1.129805E-15 -1.546038E-15  4.560122E-16 -3.004669E-15 -6.990412E-03 -1.254791E-01
     130    65-0  2.857884E+01 -4.850000E+01  0.000000E+00  1.081775E-01  6.073551E-03 -2.870531E-15  1.564334E-15 -1.346458E-01 -4.175733E-02 -9.747831E-15 -1.462026E-15 -6.730727E-16 -1.221245E-15  8.092262E-02  9.355413E-02 -5.345383E-02 -1.159226E-01  2.855355E-15  4.204970E-15
     131    65-1  2.857884E+01 -4.850000E+01  0.000000E+00  6.854794E-16 -5.339171E-16 -1.109213E-02 -1.405351E-01 -4.388739E-16 -7.277982E-16  1.081683E-01  6.234767E-03  6.746628E-02  1.083682E-01  1.408711E-15  1.608153E-15  2.556977E-16 -3.040376E-15 -1.664348E-02 -1.225718E-01
     132    66-0  2.857884E+01 -4.950000E+01  0.000000E+00 -1.288236E-01 -3.537002E-02  4.671751E-15 -1.213428E-15 -8.960021E-02 -5.343715E-02 -7.784762E-15 -2.855864E-15  6.036838E-16  1.061651E-15 -7.823185E-02 -9.305734E-02 -4.458856E-02 -1.092822E-01  2.723516E-15  4.052314E-15
     133    66-1  2.857884E+01 -4.950000E+01  0.000000E+00 -7.375822E-16  2.618043E-16 -1.644357E-02  1.030210E-01 -3.029890E-16 -9.643177E-16  1.287708E-01  3.556197E-02 -5.784346E-02 -1.028828E-01 -1.120967E-15 -1.445348E-15  2.626252E-16 -2.834557E-15 -1.466154E-02 -1.206853E-01
     134    67-0  2.944486E+01 -5.000000E+01  0.000000E+00  8.680439E-02 -5.903921E-02 -1.427697E-15  3.296008E-15 -1.282457E-01  4.746257E-02 -9.247660E-15  4.956338E-15 -5.828671E-16 -1.200429E-15  8.402037E-02  8.559371E-02 -5.905247E-02 -1.088014E-01  3.289036E-15  4.010681E-15
     135    67-1  2.944486E+01 -5.000000E+01  0.000000E+00  1.505771E-16 -9.078570E-16 -9.159364E-02 -1.015395E-01 -7.441611E-16 -3.133071E-16  8.689229E-02 -5.890978E-02  7.213505E-02  1.006055E-01  1.412719E-15  1.344559E-15  7.796601E-17 -2.861273E-15 -2.358803E-02 -1.175981E-01
     136    68-0  2.944486E+01 -5.100000E+01  0.000000E+00 -1.190095E-01  4.854782E-02  3.028918E-15 -4.230889E-15 -9.983176E-02  1.158312E-02 -8.408820E-15  2.208357E-15  4.093947E-16  7.147061E-16 -8.099240E-02 -8.446977E-02 -4.945333E-02 -1.023055E-01  3.181483E-15  3.622103E-15
     137    68-1  2.944486E+01 -5.100000E+01  0.000000E+00 -2.877725E-16  6.812285E-16  4.774106E-02  8.843834E-02 -7.704519E-16 -5.662519E-16  1.190817E-01 -4.837040E-02 -6.180205E-02 -9.535487E-02 -1.126602E-15 -1.314854E-15  9.020338E-17 -2.655969E-15 -2.166642E-02 -1.150021E-01
     138    69-0  3.031089E+01 -5.150000E+01  0.000000E+00  3.186430E-02 -9.607826E-02  1.072559E-15  3.771701E-15 -7.024899E-02  1.117760E-01 -4.615390E-15  9.964952E-15 -3.677614E-16 -9.228729E-16  8.611381E-02  7.733753E-02 -6.372331E-02 -1.010685E-01  3.580469E-15  3.587408E-15
     139    69-1  3.031089E+01 -5.150000E+01  0.000000E+00 -3.723470E-16 -8.723268E-16 -1.298469E-01 -2.384446E-02 -7.440927E-16  1.759335E-16  3.200746E-02 -9.603066E-02  7.580711E-02  9.235144E-02  1.407982E-15  1.215609E-15 -7.885248E-17 -2.675399E-15 -2.985313E-02 -1.118279E-01
     140    70-0  3.031089E+01 -5.250000E+01  0.000000E+00 -6.197813E-02  1.062408E-01 -2.726734E-16 -5.255616E-15 -6.922801E-02  6.695325E-02 -5.750952E-15  7.080151E-15  2.359224E-16  4.510281E-16 -8.266985E-02 -7.563433E-02 -5.341043E-02 -9.480723E-02  3.136380E-15  3.337608E-15
     141    70-1  3.031089E+01 -5.250000E+01  0.000000E+00  1.641577E-16  6.350938E-16  8.783492E-02  3.950040E-02 -9.009605E-16  9.748331E-21  6.213640E-02 -1.061483E-01 -6.479512E-02 -8.742241E-02 -1.161859E-15 -1.067349E-15 -6.115043E-17 -2.470858E-15 -2.789972E-02 -1.085194E-01
     142    71-0  3.117691E+01 -5.300000E+01  0.000000E+00 -3.173623E-02 -9.176411E-02  3.275897E-15  2.335677E-15  1.192859E-02  1.262415E-01  2.184203E-15  1.124798E-14 -8.326673E-17 -7.424616E-16  8.717403E-02  6.891281E-02 -6.739759E-02 -9.284422E-02  3.802514E-15  3.094747E-15
     143    71-1  3.117691E+01 -5.300000E+01  0.000000E+00 -7.540645E-16 -4.667319E-16 -1.128412E-01  5.784524E-02 -4.685355E-16  5.485311E-16 -3.159943E-02 -9.181131E-02  7.842920E-02  8.373378E-02  1.406476E-15  9.841465E-16 -2.147805E-16 -2.484674E-15 -3.534506E-02 -1.053519E-01
     144    72-0  3.117691E+01 -5.400000E+01  0.000000E+00  1.486248E-02  1.160641E-01 -3.425278E-15 -4.251108E-15 -1.362405E-02  9.074342E-02 -3.278158E-16  9.307710E-15 -2.844947E-16  1.179612E-16 -8.324187E-02 -6.668764E-02 -5.640215E-02 -8.690443E-02  3.372302E-15  3.025358E-15
     145    72-1  3.117691E+01 -5.400000E+01  0.000000E+00  5.067657E-16  4.158120E-16  8.933442E-02 -2.096054E-02 -6.803435E-16  5.014373E-16 -1.468949E-02 -1.160861E-01 -6.677997E-02 -7.920869E-02 -1.083757E-15 -8.960742E-16 -1.914810E-16 -2.281088E-15 -3.326805E-02 -1.013395E-01
     146    73-0  3.204294E+01 -5.450000E+01  0.000000E+00 -7.722605E-02 -5.111975E-02  4.266533E-15  1.071853E-17  8.252712E-02  8.865680E-02  8.777358E-15  7.949798E-15  9.714451E-17 -3.885781E-16  8.718821E-02  6.044934E-02 -7.002202E-02 -8.425625E-02  3.878842E-15  2.671474E-15
     147    73-1  3.204294E+01 -5.450000E+01  0.000000E+00 -7.644435E-16  1.238771E-16 -5.177768E-02  1.094981E-01 -5.019204E-17  6.758974E-16 -7.714978E-02 -5.123479E-02  7.996433E-02  7.488593E-02  1.409293E-15  8.010873E-16 -3.299845E-16 -2.290932E-15 -3.998213E-02 -9.827175E-02
     148    74-0  3.204294E+01 -5.550000E+01  0.000000E+00  7.801143E-02  7.839388E-02 -5.561841E-15 -1.028233E-15  4.194822E-02  7.607667E-02  5.058855E-15  7.501973E-15 -6.314393E-16  0.000000E+00 -8.270333E-02 -5.776805E-02 -5.838576E-02 -7.872031E-02  3.393119E-15  2.532696E-15
     149    74-1  3.204294E+01 -5.550000E+01  0.000000E+00  5.482801E-16  1.085753E-16  5.512476E-02 -6.714592E-02 -2.324236E-16  7.537236E-16 -7.789450E-02 -7.851005E-02 -6.772954E-02 -7.084133E-02 -1.072791E-15 -7.795808E-16 -3.009597E-16 -2.088435E-15 -3.769150E-02 -9.357531E-02
     150    75-0  3.290897E+01 -5.600000E+01  0.000000E+00 -8.758315E-02  5.985570E-03  3.361807E-15 -2.607943E-15  1.134215E-01  1.896635E-02  1.155905E-14  1.164870E-15  4.232725E-16 -1.110223E-16  8.615974E-02  5.207752E-02 -7.155961E-02 -7.543801E-02  3.920475E-15  2.289835E-15
     151    75-1  3.290897E+01 -5.600000E+01  0.000000E+00 -5.857403E-16  5.823794E-16  2.439927E-02  1.123781E-01  3.364617E-16  5.369698E-16 -8.759197E-02  5.855033E-03  8.039243E-02  6.594489E-02  1.353577E-15  6.635041E-16 -4.247543E-16 -2.095909E-15 -4.369595E-02 -9.069858E-02
     152    76-0  3.290897E+01 -5.700000E+01  0.000000E+00  1.028685E-01  1.366773E-02 -4.691329E-15  2.985855E-15  7.476702E-02  3.286291E-02  8.638172E-15  2.937286E-15 -7.979728E-16 -1.595946E-16 -8.106631E-02 -4.901349E-02 -5.933420E-02 -7.038248E-02  3.261280E-15  1.977585E-15
     153    76-1  3.290897E+01 -5.700000E+01  0.000000E+00  4.512526E-16 -2.765560E-16  2.827934E-03 -8.162157E-02  2.432244E-16  6.900689E-16 -1.028481E-01 -1.382102E-02 -6.763286E-02 -6.245028E-02 -1.066932E-15 -6.832536E-16 -3.898652E-16 -1.894583E-15 -4.110483E-02 -8.534906E-02
     154    77-0  3.377499E+01 -5.750000E+01  0.000000E+00 -6.207237E-02  5.455538E-02  6.677516E-16 -4.122922E-15  9.568866E-02 -5.103328E-02  1.003742E-14 -6.150576E-15  6.314393E-16 -7.632783E-17  8.410821E-02  4.392629E-02 -7.199027E-02 -6.652650E-02  3.899658E-15  1.859624E-15
     155    77-1  3.377499E+01 -5.750000E+01  0.000000E+00 -7.520696E-17  7.400404E-16  8.284975E-02  6.997595E-02  5.479513E-16  2.163819E-16 -6.215361E-02  5.446281E-02  7.971058E-02  5.704908E-02  1.272313E-15  4.906445E-16 -4.994846E-16 -1.901247E-15 -4.643243E-02 -8.275107E-02
     156    78-0  3.377499E+01 -5.850000E+01  0.000000E+00  8.361744E-02 -4.830604E-02 -1.648453E-15  5.015042E-15  7.401089E-02 -1.798802E-02  8.675270E-15 -3.053331E-15 -1.026956E-15 -8.673617E-17 -7.835997E-02 -4.055930E-02 -5.923650E-02 -6.202090E-02  3.066991E-15  1.276756E-15
     157    78-1  3.377499E+01 -5.850000E+01  0.000000E+00  1.101171E-16 -4.633818E-16 -4.412511E-02 -6.208185E-02  5.591086E-16  3.763145E-16 -8.368934E-02  4.818137E-02 -6.649521E-02 -5.416588E-02 -9.793155E-16 -4.695866E-16 -4.585649E-16 -1.701125E-15 -4.345851E-02 -7.678997E-02
     158    79-0  3.464102E+01 -5.900000E+01  0.000000E+00 -1.512103E-02  7.569184E-02 -2.072793E-15 -3.490994E-15  4.185297E-02 -9.246756E-02  4.151871E-15 -1.106294E-14  8.812395E-16 -1.283695E-16  8.106912E-02  3.612117E-02 -7.131109E-02 -5.766014E-02  3.615164E-15  1.075529E-15
     159    79-1  3.464102E+01 -5.900000E+01  0.000000E+00  2.952526E-16  5.748996E-16  1.013931E-01  4.621342E-03  5.258337E-16 -1.398465E-16 -1.523382E-02  7.566922E-02  7.793315E-02  4.833619E-02  1.156093E-15  4.743676E-16 -5.546569E-16 -1.708494E-15 -4.815272E-02 -7.455371E-02
     160    80-0  3.464102E+01 -6.000000E+01  0.000000E+00  3.389828E-02 -8.230029E-02  1.794575E-15  4.778786E-15  4.426131E-02 -5.472054E-02  4.490943E-15 -7.423977E-15 -8.118506E-16  5.898060E-17 -7.463010E-02 -3.253613E-02 -5.809794E-02 -5.376590E-02  2.754741E-15  9.089951E-16
     161    80-1  3.464102E+01 -6.000000E+01  0.000000E+00 -3.931822E-17 -4.392944E-16 -6.722376E-02 -2.084148E-02  6.148470E-16 -2.997234E-17 -3.402090E-02  8.224968E-02 -6.433805E-02 -4.611678E-02 -1.030574E-15 -4.507675E-16 -5.074995E-16 -1.509570E-15 -4.471945E-02 -6.803251E-02
     162    81-0  3.550704E+01 -6.050000E+01  0.000000E+00  3.140907E-02  6.417798E-02 -3.804862E-15 -1.364579E-15 -2.156186E-02 -9.167510E-02 -3.774852E-15 -1.071466E-14  8.396062E-16  1.040834E-17  7.709328E-02  2.878228E-02 -6.953642E-02 -4.897661E-02  3.039236E-15  7.632783E-16
     163    81-1  3.550704E+01 -6.050000E+01  0.000000E+00  5.302080E-16  2.268264E-16  7.716543E-02 -5.398828E-02  3.111206E-16 -3.896586E-16  3.131339E-02  6.422472E-02  7.509150E-02  3.994106E-02  1.076469E-15  2.824778E-16 -5.908248E-16 -1.519105E-15 -4.883372E-02 -6.623490E-02
     164    82-0  3.550704E+01 -6.150000E+01  0.000000E+00 -2.131450E-02 -7.827078E-02  4.006759E-15  2.415157E-15  1.817404E-03 -6.431099E-02 -6.079480E-16 -7.945181E-15 -7.216450E-16  2.046974E-16 -6.993836E-02 -2.506794E-02 -5.593995E-02 -4.574615E-02  2.789435E-15  5.342948E-16
     165    82-1  3.550704E+01 -6.150000E+01  0.000000E+00 -2.862920E-16 -2.791183E-16 -6.040883E-02  2.213548E-02  4.286904E-16 -3.549392E-16  2.119783E-02  7.830246E-02 -6.119868E-02 -3.842798E-02 -8.501212E-16 -3.122443E-16 -5.371688E-16 -1.321347E-15 -4.487157E-02 -5.921417E-02
     166    83-0  3.637307E+01 -6.200000E+01  0.000000E+00  5.854133E-02  2.927543E-02 -3.617371E-15  1.050380E-15 -6.707758E-02 -5.462908E-02 -8.751558E-15 -5.800792E-15  4.996004E-16 -1.283695E-16  7.224607E-02  2.202251E-02 -6.669761E-02 -4.061078E-02  3.080869E-15  2.983724E-16
     167    83-1  3.637307E+01 -6.200000E+01  0.000000E+00  5.350358E-16 -1.507768E-16  2.589405E-02 -8.254233E-02  1.617917E-17 -4.523952E-16  5.849763E-02  2.936264E-02  7.123353E-02  3.199361E-02  9.634730E-16  2.421822E-16 -6.086002E-16 -1.334454E-15 -4.846850E-02 -5.792486E-02
     168    84-0  3.637307E+01 -6.300000E+01  0.000000E+00 -5.815783E-02 -4.401505E-02  4.326961E-15 -6.444766E-16 -3.387884E-02 -4.714654E-02 -4.641362E-15 -5.636405E-15 -8.396062E-16  4.857226E-16 -6.436135E-02 -1.827005E-02 -5.279982E-02 -3.808663E-02  2.921274E-15  3.053113E-16
     169    84-1  3.637307E+01 -6.300000E+01  0.000000E+00 -3.392592E-16  6.973229E-18 -3.124211E-02  4.893365E-02  1.154681E-16 -4.833213E-16  5.809217E-02  4.410168E-02 -5.712964E-02 -3.121885E-02 -7.552508E-16 -2.141817E-16 -5.481214E-16 -1.137815E-15 -4.391600E-02 -5.047338E-02
     170    85-0  3.723909E+01 -6.350000E+01  0.000000E+00  5.817405E-02 -1.105171E-02 -1.965199E-15  2.776679E-15 -7.849453E-02 -2.100093E-03 -9.730708E-15  3.675827E-16  6.869505E-16 -4.666406E-16  6.660639E-02  1.594569E-02 -6.284256E-02 -3.269254E-02  2.983724E-15  6.245005E-17
     171    85-1  3.723909E+01 -6.350000E+01  0.000000E+00  2.835683E-16 -4.221679E-16 -2.712710E-02 -7.368800E-02 -2.304714E-16 -3.346071E-16  5.819046E-02 -1.096500E-02  6.642293E-02  2.461675E-02  8.683755E-16  1.062699E-16 -6.086433E-16 -1.155836E-15 -4.706638E-02 -4.975371E-02
     172    86-0  3.723909E+01 -6.450000E+01  0.000000E+00 -6.448001E-02  6.400482E-04  2.440718E-15 -3.210827E-15 -4.930447E-02 -1.509542E-02 -6.528835E-15 -1.879498E-15 -7.216450E-16  6.748074E-16 -5.798944E-02 -1.224734E-02 -4.873011E-02 -3.090672E-02  2.317591E-15  1.630640E-16
     173    86-1  3.723909E+01 -6.450000E+01  0.000000E+00 -2.318347E-16  1.787891E-16  4.243055E-03  5.138871E-02 -1.750024E-16 -4.001068E-16  6.448089E-02 -5.439493E-04 -5.219794E-02 -2.460130E-02 -6.848191E-16 -2.032396E-16 -5.409468E-16 -9.602731E-16 -4.187110E-02 -4.194739E-02
     174    87-0  3.810512E+01 -6.500000E+01  0.000000E+00  3.527335E-02 -3.923318E-02  4.645926E-16  3.101090E-15 -5.674079E-02  4.141607E-02 -7.098319E-15  5.726341E-15  8.673617E-16 -5.689893E-16  6.026545E-02  1.064508E-02 -5.803494E-02 -2.534483E-02  2.858824E-15 -2.428613E-16
     175    87-1  3.810512E+01 -6.500000E+01  0.000000E+00  1.405845E-17 -4.508123E-16 -5.948878E-02 -3.736166E-02 -3.403262E-16 -1.158310E-16  3.533178E-02 -3.918056E-02  6.073817E-02  1.792454E-02  7.036670E-16  5.995999E-17 -5.916550E-16 -9.844788E-16 -4.465279E-02 -4.184937E-02
     176    88-0  3.810512E+01 -6.600000E+01  0.000000E+00 -4.377556E-02  3.459304E-02 -1.622061E-16 -3.635370E-15 -4.212365E-02  1.549079E-02 -5.576209E-15  2.187171E-15 -2.151057E-16  7.129713E-16 -5.092533E-02 -7.092660E-03 -4.379778E-02 -2.431834E-02  1.679212E-15  5.551115E-17
     177    88-1  3.810512E+01 -6.600000E+01  0.000000E+00 -9.473313E-17  3.052849E-16  2.999313E-02  3.338831E-02 -3.282572E-16 -1.832644E-16  4.382707E-02 -3.452776E-02 -4.648396E-02 -1.867804E-02 -5.809684E-16 -6.091237E-17 -5.162706E-16 -7.899682E-16 -3.877214E-02 -3.377006E-02
     178    89-0  3.897114E+01 -6.650000E+01  0.000000E+00  3.802630E-03 -4.595195E-02  2.238291E-15  1.850351E-15 -1.718621E-02  5.927477E-02 -2.070407E-15  7.920355E-15  2.844947E-16 -5.620504E-16  5.332535E-02  6.201847E-03 -5.235322E-02 -1.868169E-02  2.164935E-15 -3.365364E-16
     179    89-1  3.897114E+01 -6.650000E+01  0.000000E+00 -2.345080E-16 -3.096694E-16 -6.142419E-02  5.994452E-03 -2.972462E-16  9.583856E-17  3.871111E-03 -4.594623E-02  5.427131E-02  1.202039E-02  7.453903E-16 -2.742670E-17 -5.583713E-16 -8.215533E-16 -4.126889E-02 -3.433562E-02
     180    90-0  3.897114E+01 -6.750000E+01  0.000000E+00 -1.121781E-02  4.553987E-02 -1.785499E-15 -2.551539E-15 -2.054540E-02  3.200982E-02 -2.474902E-15  4.024727E-15 -3.122502E-16  7.355228E-16 -4.328249E-02 -2.885337E-03 -3.808325E-02 -1.842421E-02  1.151856E-15 -2.949030E-16
     181    90-1  3.897114E+01 -6.750000E+01  0.000000E+00  1.270178E-16  2.592889E-16  3.734339E-02  7.225873E-03 -3.114929E-16  4.491258E-17  1.128567E-02 -4.552310E-02 -4.008025E-02 -1.354099E-02 -5.300392E-16  1.951209E-17 -4.747525E-16 -6.281080E-16 -3.467078E-02 -2.606983E-02
     182    91-0  3.983717E+01 -6.800000E+01  0.000000E+00 -2.105683E-02 -3.317245E-02  2.471600E-15  3.728168E-16  1.949956E-02  4.923714E-02  2.840789E-15  6.180608E-15  1.873501E-16 -6.045511E-16  4.589750E-02  2.683816E-03 -4.588946E-02 -1.280655E-02  1.582068E-15 -6.106227E-16
     183    91-1  3.983717E+01 -6.800000E+01  0.000000E+00 -3.024188E-16 -6.481380E-17 -3.851068E-02  3.635184E-02 -1.536638E-16  2.156421E-16 -2.100737E-02 -3.320379E-02  4.712658E-02  6.995421E-03  6.333735E-16 -3.869415E-17 -5.095622E-16 -6.681800E-16 -3.697089E-02 -2.733014E-02
     184    92-0  3.983717E+01 -6.900000E+01  0.000000E+00  1.549543E-02  3.451996E-02 -2.554605E-15 -7.195391E-16  2.302978E-03  3.096732E-02  6.420919E-16  3.795959E-15 -1.457168E-16  7.269576E-16 -3.518333E-02  3.099644E-04 -3.167900E-02 -1.331619E-02  6.418477E-16 -2.255141E-17
     185    92-1  3.983717E+01 -6.900000E+01  0.000000E+00  1.518047E-16  1.692775E-16  2.791102E-02 -1.361077E-02 -1.763224E-16  1.815257E-16 -1.544397E-02 -3.454301E-02 -3.309005E-02 -9.269775E-03 -3.545231E-16  4.540933E-17 -4.170869E-16 -4.758702E-16 -2.963422E-02 -1.896776E-02
     186    93-0  4.070319E+01 -6.950000E+01  0.000000E+00 -3.026212E-02 -1.137981E-02  1.947790E-15 -1.181807E-15  3.791483E-02  2.233939E-02  5.126288E-15  2.558422E-15  2.359224E-16 -6.964881E-16  3.810075E-02  1.444335E-04 -3.874773E-02 -7.810588E-03  8.187895E-16 -2.723516E-16
     187    93-1  4.070319E+01 -6.950000E+01  0.000000E+00 -2.451585E-16  3.878314E-17 -6.704755E-03  4.349286E-02  4.214667E-18  2.169362E-16 -3.024513E-02 -1.142490E-02  3.941857E-02  2.927193E-03  4.209083E-16 -4.348248E-17 -4.460301E-16 -5.254380E-16 -3.182913E-02 -2.094265E-02
     188    94-0  4.070319E+01 -7.050000E+01  0.000000E+00  2.540924E-02  1.321624E-02 -1.981742E-15  8.755629E-16  1.568194E-02  1.811482E-02  2.503364E-15  2.074403E-15  9.714451E-17  7.398596E-16 -2.675770E-02  2.445186E-03 -2.468880E-02 -9.074736E-03  7.251144E-16 -1.717376E-16
     189    94-1  4.070319E+01 -7.050000E+01  0.000000E+00  1.696151E-16 -3.179732E-17  1.101677E-02 -2.127677E-02 -2.038541E-17  1.899882E-16 -2.538952E-02 -1.325410E-02 -2.562630E-02 -5.931329E-03 -3.032410E-16  2.998298E-17 -3.440234E-16 -3.344053E-16 -2.374492E-02 -1.257507E-02
     190    95-0  4.156922E+01 -7.100000E+01  0.000000E+00 -2.426524E-02  7.003042E-03  7.321909E-16 -1.678918E-15  3.458984E-02 -4.608689E-03  4.607948E-15 -1.093198E-15  5.898060E-17 -7.051651E-16  3.006188E-02 -1.377966E-03 -3.104486E-02 -3.770548E-03  8.049117E-16 -3.430416E-16
     191    95-1  4.156922E+01 -7.100000E+01  0.000000E+00 -1.107306E-16  2.068326E-16  1.709438E-02  3.042169E-02  1.028457E-16  1.340213E-16 -2.427565E-02  6.966871E-03  3.127276E-02 -1.227106E-04  3.472382E-16 -8.694123E-17 -3.686388E-16 -3.944049E-16 -2.592883E-02 -1.527453E-02
     192    96-0  4.156922E+01 -7.200000E+01  0.000000E+00  1.895664E-02 -3.915486E-03 -6.794236E-16  1.502271E-15  1.633520E-02  3.846182E-03  2.503826E-15  4.183862E-16  4.857226E-17  3.079134E-16 -1.813549E-02  3.475763E-03 -1.721762E-02 -5.754546E-03  9.228729E-16 -2.576064E-16
     193    96-1  4.156922E+01 -7.200000E+01  0.000000E+00  6.591939E-17 -5.358746E-17 -2.478720E-03 -1.659782E-02  6.985274E-17  1.083620E-16 -1.896245E-02  3.887230E-03 -1.779997E-02 -3.566841E-03 -2.659695E-16  4.820821E-17 -2.561244E-16 -2.049302E-16 -1.708731E-02 -7.000035E-03
     194    97-0  4.243524E+01 -7.250000E+01  0.000000E+00 -1.110063E-02  1.428199E-02 -3.091453E-16 -1.333858E-15  1.781037E-02 -1.847765E-02  2.461545E-15 -2.678657E-15 -4.163336E-17 -3.185386E-16  2.187812E-02 -1.862493E-03 -2.287282E-02 -7.602980E-04  8.847090E-16 -4.551481E-16
     195    97-1  4.243524E+01 -7.250000E+01  0.000000E+00  5.386389E-17  2.193754E-16  2.376079E-02  9.698330E-03  1.156195E-16  3.465844E-17 -1.112191E-02  1.426543E-02  2.278959E-02 -2.092436E-03  2.529652E-16 -1.047387E-16 -2.779339E-16 -2.756623E-16 -1.934001E-02 -1.039641E-02
     196    98-0  4.243524E+01 -7.350000E+01  0.000000E+00  5.807804E-03 -8.154782E-03  3.581746E-16  7.628679E-16  9.129351E-03 -3.411054E-03  1.610249E-15 -4.317756E-16 -1.942890E-16  2.905662E-16 -9.525221E-03  3.568531E-03 -9.495544E-03 -3.580157E-03  6.192963E-16 -5.464379E-17
     197    98-1  4.243524E+01 -7.350000E+01  0.000000E+00  2.810169E-18 -5.813816E-17 -6.550282E-03 -7.216241E-03  6.451251E-17  1.663032E-17 -5.819951E-03  8.146118E-03 -9.867306E-03 -2.370474E-03 -9.368011E-17 -3.779171E-18 -1.575016E-16 -8.744095E-17 -9.927211E-03 -2.216919E-03
     198    99-0  4.330127E+01 -7.400000E+01  0.000000E+00 -6.026672E-04  1.109201E-02 -7.354923E-16 -5.489496E-16  9.034427E-04 -1.662775E-02  5.122921E-16 -2.621510E-15  2.151057E-16 -3.619067E-16  1.414760E-02 -1.279321E-03 -1.483367E-02  1.341359E-03  8.725659E-16 -3.773024E-16
     199    99-1  4.330127E+01 -7.400000E+01  0.000000E+00  1.699234E-17  1.670264E-16  1.577944E-02 -5.320472E-03  7.042856E-17 -2.276392E-17 -6.191976E-04  1.109110E-02  1.455138E-02 -3.177174E-03  1.551692E-16 -1.193459E-16 -1.799033E-16 -1.768049E-16 -1.254727E-02 -6.660141E-03

