#------------------------------------------------------------------------
# Program: Diag Quadratic
#          (c) Amal Medhi <amedhi@iisertvm.ac.in>
#------------------------------------------------------------------------
# job_70632_diag.x_20260122160527_amedhi@isha.local
# Lattice: HONEYCOMB2 (Size = 1x100x1, Sites/unitcell = 100, Boundary = 0-1-0)
# No of sites = 10000
# Model: MKM
# lambda = 0.060000
# eta = 1.000000
# lambda_R = 0.000000
# t = 1.000000
# Results: WaveFunction
#------------------------------------------------------------------------
# wf_0:   psi(40,98,0)        cols: (6,7)
# wf_1:   psi(40,99,0)        cols: (8,9)
# wf_2:   psi(40,100,0)       cols: (10,11)
# wf_3:   psi(40,101,0)       cols: (12,13)
# wf_4:   psi(49,98,0)        cols: (14,15)
# wf_5:   psi(49,99,0)        cols: (16,17)
# wf_6:   psi(49,100,0)       cols: (18,19)
# wf_7:   psi(49,101,0)       cols: (20,21)
#------------------------------------------------------------------------
# basis   label   xcoord        ycoord        zcoord        Re[wf_1]      Im[wf_1]      Re[wf_2]      Im[wf_2]      Re[wf_3]      Im[wf_3]      Re[wf_4]      Im[wf_4]      Re[wf_5]      Im[wf_5]      Re[wf_6]      Im[wf_6]      Re[wf_7]      Im[wf_7]      Re[wf_8]      Im[wf_8]      
#------------------------------------------------------------------------
       0     0-0  0.000000E+00  0.000000E+00  0.000000E+00 -1.350137E-13  0.000000E+00  8.149421E-01  0.000000E+00 -2.859883E-13 -0.000000E+00 -2.013432E-14 -0.000000E+00 -6.267823E-18  0.000000E+00 -9.913283E-01  0.000000E+00 -4.270517E-16 -0.000000E+00 -5.066515E-18  0.000000E+00
       1     0-1  0.000000E+00  0.000000E+00  0.000000E+00 -2.280218E-13 -1.741158E-13 -8.772958E-17 -3.127179E-16  1.432165E-02 -5.568297E-02 -2.088873E-01  7.856151E-01 -2.928519E-17 -1.403622E-17 -4.020702E-16 -1.430591E-16  9.362437E-01  3.258520E-01  7.921448E-18  8.735643E-19
       2     1-0  8.660254E-01 -5.000000E-01  0.000000E+00 -4.708858E-15 -1.446520E-14  2.837576E-02  8.733160E-02  5.142872E-14  1.582540E-13  3.589485E-15  1.106963E-14 -9.106155E-20 -5.503642E-17 -3.682526E-03 -1.171799E-01 -4.452701E-17 -5.591366E-17  2.812931E-18  9.943996E-18
       3     1-1  8.660254E-01 -5.000000E-01  0.000000E+00  5.553941E-14 -1.573070E-13  1.107112E-16  5.033146E-17 -6.465823E-03  4.040948E-04  9.146215E-02 -4.969634E-03  6.945353E-17 -6.415897E-17 -1.566984E-17  4.876342E-17  3.503941E-02 -1.118791E-01 -1.366004E-17  7.047851E-18
       4     2-0  8.660254E-01 -1.500000E+00  0.000000E+00  2.417333E-14  7.438426E-14 -1.459085E-01 -4.490601E-01  6.341994E-14  1.950946E-13  4.446970E-15  1.385833E-14  1.242556E-18  3.556472E-17  1.821628E-03  5.796514E-02 -3.320227E-17 -7.746730E-17  2.646028E-18  7.806681E-18
       5     2-1  8.660254E-01 -1.500000E+00  0.000000E+00 -6.841722E-14  1.944499E-13 -8.577214E-17  5.745624E-17 -3.324734E-02  2.077860E-03  4.702995E-01 -2.555392E-02  2.305781E-17  8.566886E-17 -8.445394E-18  2.570149E-17  1.733288E-02 -5.534300E-02 -7.314901E-19 -1.067764E-16
       6     3-0  1.732051E+00 -2.000000E+00  0.000000E+00 -7.123765E-15  5.187243E-15  4.304217E-02 -3.127197E-02  3.630975E-13 -2.637804E-13  2.567809E-14 -1.825643E-14 -3.017882E-19 -6.490322E-18 -6.844998E-03  4.306507E-04  8.815816E-17 -9.189171E-17 -8.101637E-17  4.802512E-21
       7     3-1  1.732051E+00 -2.000000E+00  0.000000E+00 -4.498325E-13 -1.139715E-14  4.686155E-17 -4.467040E-17  1.380320E-03  3.490533E-03 -1.911396E-02 -4.950891E-02  3.117951E-17 -4.674762E-17  2.885756E-18  8.547346E-19 -6.606201E-03 -1.843246E-03  1.273490E-16  8.619005E-17
       8     4-0  1.732051E+00 -3.000000E+00  0.000000E+00  3.528546E-14 -2.564056E-14 -2.129527E-01  1.547192E-01  1.508781E-13 -1.096893E-13  1.067494E-14 -7.696872E-15 -1.562234E-17 -8.481964E-19 -1.045156E-02  6.575562E-04 -1.365455E-16  1.245352E-16 -4.501072E-17  1.027716E-18
       9     4-1  1.732051E+00 -3.000000E+00  0.000000E+00  1.872670E-13  4.940288E-15  1.689448E-16  9.108244E-17  6.829184E-03  1.726954E-02 -9.456698E-02 -2.449471E-01 -4.527879E-17  5.301524E-17 -4.163724E-18 -1.190602E-18  1.008694E-02  2.814434E-03 -5.906147E-17 -6.590204E-17
      10     5-0  2.598076E+00 -3.500000E+00  0.000000E+00  3.960369E-15  2.879981E-15 -2.399504E-02 -1.743341E-02 -7.208003E-13 -5.237104E-13 -5.051543E-14 -3.732758E-14  5.742522E-18 -4.202460E-17 -1.165512E-04 -1.232983E-03  6.699073E-17  9.596739E-17  7.469296E-18  4.339218E-17
      11     5-1  2.598076E+00 -3.500000E+00  0.000000E+00  2.541288E-13  8.562473E-13  5.183255E-17 -4.774312E-17  1.612867E-03 -1.333150E-03 -2.295649E-02  1.866298E-02 -1.247468E-17  3.067689E-17 -1.322001E-19  5.234322E-19  2.952096E-04 -1.202781E-03 -9.938586E-17  9.173614E-17
      12     6-0  2.598076E+00 -4.500000E+00  0.000000E+00 -1.965110E-14 -1.426466E-14  1.185329E-01  8.611917E-02 -1.890806E-13 -1.373430E-13 -1.332223E-14 -9.865263E-15  3.833602E-19  4.801977E-18  1.339866E-04  1.417430E-03  1.472231E-16  5.029149E-19 -4.812640E-18 -5.403824E-17
      13     6-1  2.598076E+00 -4.500000E+00  0.000000E+00 -6.687068E-14 -2.247536E-13 -5.730662E-17 -1.476411E-16  7.967385E-03 -6.585614E-03 -1.134026E-01  9.219306E-02  2.823438E-17  3.829704E-17 -1.578769E-19  6.114697E-19  3.393712E-04 -1.382710E-03 -2.383868E-17 -5.724698E-17
      14     7-0  3.464102E+00 -5.000000E+00  0.000000E+00  8.443041E-16 -2.576666E-15 -5.101546E-03  1.570095E-02 -5.091419E-13  1.567281E-12 -3.680161E-14  1.102667E-13  1.943376E-17  3.447879E-19 -1.670494E-04  2.110325E-05  8.211965E-17 -1.078830E-16  2.771938E-17 -3.789119E-18
      15     7-1  3.464102E+00 -5.000000E+00  0.000000E+00  1.360748E-12 -9.364511E-13  5.839983E-17 -1.668600E-17 -9.831530E-04 -6.245017E-04  1.382828E-02  8.942450E-03  7.756145E-17  6.176239E-17  7.182109E-20  1.617073E-20 -1.647038E-04 -3.497894E-05  6.709283E-17 -1.015669E-17
      16     8-0  3.464102E+00 -6.000000E+00  0.000000E+00 -4.188527E-15  1.289624E-14  2.519949E-02 -7.755605E-02 -1.122441E-13  3.455465E-13 -8.266763E-15  2.463322E-14  3.153729E-17  5.324570E-18 -6.267763E-05  7.918026E-06  6.268116E-17 -3.385407E-17 -4.569597E-17  1.748319E-17
      17     8-1  3.464102E+00 -6.000000E+00  0.000000E+00 -2.999189E-13  2.064993E-13 -1.577294E-16 -1.302748E-16 -4.856361E-03 -3.084775E-03  6.830589E-02  4.417193E-02  6.391073E-17  8.576007E-17 -2.312364E-20 -4.855662E-21  6.179753E-05  1.312424E-05 -5.555115E-17 -6.926192E-17
      18     9-0  4.330127E+00 -6.500000E+00  0.000000E+00 -1.503486E-15 -2.139793E-17  9.188565E-03  6.826601E-18  2.986864E-12 -1.133067E-16  2.110352E-13  1.611769E-15  1.352796E-17  9.066202E-18 -1.168781E-06 -7.379391E-06  1.987819E-17 -2.614101E-17 -6.278686E-18  3.449072E-17
      19     9-1  4.330127E+00 -6.500000E+00  0.000000E+00 -2.376572E-12 -1.821627E-12 -6.104945E-17  8.183717E-17 -1.614782E-04  6.278319E-04  2.355228E-03 -8.857899E-03 -1.101293E-17  2.519824E-17 -5.720968E-22  3.193222E-21  1.321788E-06 -7.353525E-06  4.009651E-17 -2.759499E-17
      20    10-0  4.330127E+00 -7.500000E+00  0.000000E+00  7.556270E-15  2.715868E-18 -4.538752E-02 -3.645071E-17  6.211984E-13 -2.688415E-17  4.425639E-14  3.846688E-16 -3.403245E-18 -2.521435E-17  3.693212E-06  2.331802E-05  1.003297E-16 -7.696105E-17  1.557885E-17  4.860472E-17
      21    10-1  4.330127E+00 -7.500000E+00  0.000000E+00  4.941670E-13  3.788803E-13  1.343281E-16  2.491355E-17 -7.976324E-04  3.101217E-03  1.163380E-02 -4.375417E-02 -1.226637E-17  3.290861E-17 -1.908174E-21  1.003493E-20  4.176697E-06 -2.323629E-05  6.197003E-17  9.347038E-18
      22    11-0  5.196152E+00 -8.000000E+00  0.000000E+00  2.510983E-16  7.792867E-16 -1.580364E-03 -4.863860E-03 -1.663110E-12 -5.117777E-12 -1.146814E-13 -3.627725E-13  1.374838E-16 -2.190755E-17 -2.742585E-06  5.231761E-07 -1.957608E-16  4.610460E-17  6.441219E-17 -1.043783E-17
      23    11-1  5.196152E+00 -8.000000E+00  0.000000E+00 -1.798133E-12  5.085984E-12  1.283958E-17  8.598917E-17  3.601086E-04 -2.250572E-05 -5.093908E-03  2.767796E-04 -5.619362E-17  2.638555E-18  1.204490E-21  1.902315E-22 -2.762159E-06 -4.073894E-07 -3.868034E-17 -7.387454E-17
      24    12-0  5.196152E+00 -9.000000E+00  0.000000E+00 -1.313744E-15 -4.077096E-15  7.806311E-03  2.402535E-02 -3.395490E-13 -1.044839E-12 -2.347615E-14 -7.427981E-14  7.268322E-17  5.158458E-18  4.887308E-07 -9.323038E-08  6.543436E-18  3.361491E-17 -7.049382E-17 -1.037319E-17
      25    12-1  5.196152E+00 -9.000000E+00  0.000000E+00  3.669900E-13 -1.038392E-12 -2.834273E-17 -9.165477E-17  1.778780E-03 -1.111685E-04 -2.516169E-02  1.367171E-03 -3.132428E-17  4.011851E-17  2.632329E-22  4.566426E-23 -4.922188E-07 -7.259709E-08 -3.526381E-17  5.771130E-17
      26    13-0  6.062178E+00 -9.500000E+00  0.000000E+00  3.470467E-16 -2.190540E-16 -2.302817E-03  1.673095E-03 -7.828148E-12  5.688010E-12 -5.568765E-13  3.978335E-13 -1.044301E-17 -1.772087E-17  1.283580E-08  5.742405E-08  4.337065E-17  9.279678E-17  6.104500E-18 -1.205032E-17
      27    13-1  6.062178E+00 -9.500000E+00  0.000000E+00  9.697511E-12  2.488499E-13  5.695851E-17  1.538726E-16 -7.384910E-05 -1.867485E-04  1.022624E-03  2.648797E-03  2.025962E-17 -4.096936E-17  3.728541E-24 -2.570339E-23 -6.752869E-09  5.845236E-08 -5.368518E-18  2.285425E-17
      28    14-0  6.062178E+00 -1.050000E+01  0.000000E+00 -1.985375E-15  1.360328E-15  1.137491E-02 -8.264359E-03 -1.588919E-12  1.154622E-12 -1.131542E-13  8.077954E-14 -3.601244E-18 -6.410334E-17  6.568052E-08  2.938378E-07  2.909512E-17  1.086560E-16 -6.255494E-18  7.056404E-17
      29    14-1  6.062178E+00 -1.050000E+01  0.000000E+00 -1.968513E-12 -5.050864E-14  9.049996E-17 -8.665898E-17 -3.647824E-04 -9.224561E-04  5.051317E-03  1.308390E-02 -6.070355E-17  2.211759E-17 -1.563637E-23  1.262737E-22  3.455430E-08 -2.990996E-07 -1.095773E-17 -2.923657E-17
      30    15-0  6.928203E+00 -1.100000E+01  0.000000E+00 -1.906013E-16 -1.095248E-16  1.281700E-03  9.312098E-04  1.406943E-11  1.022109E-11  9.892297E-13  7.309571E-13  1.358244E-16 -1.443304E-17 -3.448908E-08  8.855291E-09  1.007359E-16 -6.454005E-17  5.882321E-17 -1.019875E-17
      31    15-1  6.928203E+00 -1.100000E+01  0.000000E+00 -4.960159E-12 -1.671316E-11  2.249568E-17 -3.090500E-17 -8.615164E-05  7.121049E-05  1.226226E-03 -9.968871E-04 -2.178464E-17 -1.746807E-16  1.547027E-23  1.426790E-24 -3.548340E-08 -2.973411E-09  7.109469E-17 -3.904251E-18
      32    16-0  6.928203E+00 -1.200000E+01  0.000000E+00  1.150571E-15  7.848271E-16 -6.331042E-03 -4.599771E-03  2.850609E-12  2.070877E-12  2.002727E-13  1.483097E-13  6.214488E-17 -1.899231E-17  2.380077E-08 -6.110999E-09  1.509036E-17 -9.715640E-17 -8.792141E-18 -7.319011E-18
      33    16-1  6.928203E+00 -1.200000E+01  0.000000E+00  1.004798E-12  3.386309E-12  7.192304E-19  3.781037E-17 -4.255516E-04  3.517488E-04  6.057024E-03 -4.924188E-03 -1.700652E-16  3.424855E-17  1.112668E-23  1.088489E-24 -2.448695E-08 -2.051938E-09  6.920907E-17  6.082559E-17
      34    17-0  7.794229E+00 -1.250000E+01  0.000000E+00 -2.170665E-17  1.168927E-16  2.724823E-04 -8.386142E-04  9.654732E-12 -2.971811E-11  6.997946E-13 -2.096282E-12 -4.924541E-17  2.545822E-17  8.107638E-10  2.790667E-09 -9.515850E-18  2.543949E-17 -3.671152E-17 -3.774203E-17
      35    17-1  7.794229E+00 -1.250000E+01  0.000000E+00 -2.580661E-11  1.775614E-11 -1.585175E-16  1.742745E-18  5.251187E-05  3.335570E-05 -7.385922E-04 -4.776315E-04  3.996214E-17  9.432347E-17  8.448313E-26 -1.269261E-24 -1.515866E-10  2.902100E-09  2.523258E-17  3.516430E-17
      36    18-0  7.794229E+00 -1.350000E+01  0.000000E+00  2.695012E-16 -7.630495E-16 -1.345944E-03  4.142389E-03  1.955006E-12 -6.017808E-12  1.418696E-13 -4.243945E-13 -2.458867E-17 -7.479948E-17  7.737979E-10  2.663430E-09 -7.750291E-17 -5.642243E-17  4.606856E-17  5.708093E-17
      37    18-1  7.794229E+00 -1.350000E+01  0.000000E+00  5.225843E-12 -3.595623E-12  5.433271E-17 -8.093379E-18  2.593858E-04  1.647626E-04 -3.648324E-03 -2.359292E-03 -6.149424E-17 -7.005399E-17 -6.417232E-26  1.123735E-24  1.446752E-10 -2.769782E-09 -8.697026E-17 -1.244557E-16
      38    19-0  8.660254E+00 -1.400000E+01  0.000000E+00  2.177270E-17 -1.995917E-19 -4.907756E-04 -9.015027E-19 -5.614290E-11  2.244038E-15 -3.970678E-12 -3.195896E-14 -2.980566E-17  4.532467E-17 -3.119559E-10  1.013606E-10  7.426166E-17 -5.614337E-17  6.756559E-17 -2.242584E-17
      39    19-1  8.660254E+00 -1.400000E+01  0.000000E+00  4.467023E-11  3.423978E-11 -3.320246E-17 -6.059714E-17  8.624804E-06 -3.353348E-05 -1.257964E-04  4.731142E-04  8.060049E-17 -6.181361E-17  1.428294E-25  3.722420E-27 -3.279393E-10 -6.812300E-12  8.724751E-17 -6.197431E-18
      40    20-0  8.660254E+00 -1.500000E+01  0.000000E+00 -4.575584E-16  7.890854E-19  2.424218E-03  4.663892E-18 -1.136671E-11  4.614956E-16 -8.039461E-13 -6.571528E-15  1.357362E-17  2.033205E-17  4.811735E-10 -1.563427E-10 -8.315000E-17  6.323344E-17 -5.191786E-17  1.080766E-17
      41    20-1  8.660254E+00 -1.500000E+01  0.000000E+00 -9.044024E-12 -6.932296E-12 -8.232145E-17  2.360220E-17  4.260278E-05 -1.656408E-04 -6.213793E-04  2.336978E-03  1.299384E-16  6.034685E-17  2.220948E-25  7.106049E-27 -5.058266E-10 -1.050756E-11  1.360788E-17  1.887098E-17
      42    21-0  9.526279E+00 -1.550000E+01  0.000000E+00  1.867119E-19  1.563340E-17  8.440969E-05  2.597863E-04  3.117500E-11  9.593362E-11  2.149847E-12  6.802812E-12  1.502198E-19 -1.135118E-17  2.026793E-11  5.629628E-11 -2.643317E-17  1.760461E-17 -3.858349E-19  3.867318E-17
      43    21-1  9.526279E+00 -1.550000E+01  0.000000E+00  3.370618E-11 -9.534133E-11  4.075634E-17  1.374206E-17 -1.923396E-05  1.202065E-06  2.720735E-04 -1.478323E-05 -5.746060E-17  9.612690E-17  1.601364E-29 -2.615017E-26  6.369682E-13  5.983023E-11  1.922016E-17  4.293492E-17
      44    22-0  9.526279E+00 -1.650000E+01  0.000000E+00  9.653336E-17  2.929240E-16 -4.169472E-04 -1.283231E-03  6.311421E-12  1.942187E-11  4.351159E-13  1.377223E-12  2.258292E-17 -1.239105E-16  3.114221E-12  8.650102E-12  2.105703E-17 -2.135099E-17 -3.648897E-17 -4.503983E-17
      45    22-1  9.526279E+00 -1.650000E+01  0.000000E+00 -6.823902E-12  1.930195E-11 -8.374660E-18  1.420084E-16 -9.500738E-05  5.937680E-06  1.343925E-03 -7.302272E-05  5.397053E-17 -8.549128E-17  9.512650E-29  2.746326E-27 -9.787362E-14 -9.193236E-12 -7.193721E-17 -8.493199E-17
      46    23-0  1.039230E+01 -1.700000E+01  0.000000E+00 -2.046632E-17 -6.281436E-18  1.229970E-04 -8.936258E-05  1.466187E-10 -1.065338E-10  1.043080E-11 -7.450365E-12 -6.388066E-19 -3.397352E-17 -1.010885E-12  4.002550E-13  1.896101E-16  1.186315E-18  1.363178E-17  3.158196E-17
      47    23-1  1.039230E+01 -1.700000E+01  0.000000E+00 -1.816291E-10 -4.661316E-12  1.646686E-16  3.638133E-17  3.944395E-06  9.974525E-06 -5.461992E-05 -1.414763E-04  2.034236E-18  6.800589E-17  4.681031E-28 -2.419402E-29 -1.086322E-12  4.571962E-14 -6.159603E-19  5.381907E-17
      48    24-0  1.039230E+01 -1.800000E+01  0.000000E+00  2.196416E-16 -1.871015E-16 -6.075518E-04  4.414122E-04  2.968280E-11 -2.156769E-11  2.111744E-12 -1.508185E-12  4.345358E-17 -1.646010E-17  7.079313E-12 -2.802896E-12  3.340981E-18 -9.639120E-17  1.271502E-16 -5.994723E-17
      49    24-1  1.039230E+01 -1.800000E+01  0.000000E+00  3.677022E-11  9.436351E-13 -8.370203E-17 -1.236744E-16  1.948359E-05  4.926981E-05 -2.697986E-04 -6.988316E-04  5.922629E-17 -1.778473E-17  3.266332E-27 -9.927975E-29 -7.607230E-12  3.201625E-13  1.835229E-19 -3.817242E-17
      50    25-0  1.125833E+01 -1.850000E+01  0.000000E+00  3.798327E-18  5.317083E-18 -6.845760E-05 -4.973736E-05 -2.634439E-10 -1.913870E-10 -1.852207E-11 -1.368738E-11 -1.021722E-17  5.088244E-18  3.575843E-13  8.262667E-13 -8.038412E-17 -3.288206E-17 -5.447665E-18 -1.015280E-16
      51    25-1  1.125833E+01 -1.850000E+01  0.000000E+00  9.287687E-11  3.129473E-10 -6.228926E-17  5.555464E-17  4.601492E-06 -3.803462E-06 -6.549464E-05  5.324528E-05 -5.932944E-17  5.961032E-17 -3.318871E-29 -3.953547E-28  6.610365E-14  8.980226E-13 -4.981220E-17  5.126120E-17
      52    26-0  1.125833E+01 -1.950000E+01  0.000000E+00 -1.041864E-16 -5.584693E-17  3.381508E-04  2.456809E-04 -5.333368E-11 -3.874586E-11 -3.749721E-12 -2.770955E-12 -2.021323E-17 -5.115862E-17 -1.258235E-13 -2.906417E-13 -9.872760E-18 -6.228562E-17  1.653304E-17  5.781185E-17
      53    26-1  1.125833E+01 -1.950000E+01  0.000000E+00 -1.880270E-11 -6.335544E-11  8.040955E-17  8.655916E-17  2.272937E-05 -1.878745E-05 -3.235150E-04  2.630085E-04 -8.640998E-17  6.802232E-17 -1.137061E-29 -1.525504E-28  2.325968E-14  3.159843E-13 -6.836794E-17  2.204112E-18
      54    27-0  1.212436E+01 -2.000000E+01  0.000000E+00  2.099759E-18  2.167787E-17 -1.455370E-05  4.479168E-05 -1.807672E-10  5.564201E-10 -1.310478E-11  3.924905E-11  1.537085E-16 -5.784128E-17  3.383507E-14 -1.598580E-14  4.136120E-16 -1.629697E-16  1.357210E-17 -4.533135E-17
      55    27-1  1.212436E+01 -2.000000E+01  0.000000E+00  4.831839E-10 -3.324544E-10 -9.048392E-17 -3.109398E-17 -2.804741E-06 -1.781580E-06  3.944935E-05  2.551104E-05  6.395806E-17  2.703907E-17 -1.189514E-29 -4.267670E-30  3.726450E-14 -3.923208E-15  5.463389E-17 -1.575027E-17
      56    28-0  1.212436E+01 -2.100000E+01  0.000000E+00 -4.096307E-17  7.680574E-17  7.188895E-05 -2.212514E-04 -3.659579E-11  1.126457E-10 -2.653171E-12  7.945872E-12 -7.586546E-17  4.567558E-17  7.973693E-14 -3.750414E-14 -5.526748E-17  3.697660E-17  6.899164E-19  1.163102E-17
      57    28-1  1.212436E+01 -2.100000E+01  0.000000E+00 -9.781909E-11  6.730432E-11 -1.522335E-17 -4.390889E-17 -1.385420E-05 -8.800228E-06  1.948626E-04  1.260134E-04 -6.506270E-17  4.766520E-17  4.221324E-29  1.376744E-30 -8.747157E-14  9.209011E-15 -5.073966E-17 -1.737308E-17
      58    29-0  1.299038E+01 -2.150000E+01  0.000000E+00  3.383854E-17 -3.547471E-18  2.621308E-05  7.887386E-20  1.051148E-09 -4.224049E-14  7.434285E-11  6.015578E-13  7.239315E-18  4.054115E-17  4.670406E-15  9.062738E-15  5.188622E-17  4.858584E-17 -2.621564E-17  2.403006E-17
      59    29-1  1.299038E+01 -2.150000E+01  0.000000E+00 -8.363497E-10 -6.410607E-10 -8.446180E-17 -6.802961E-17 -4.606642E-07  1.791075E-06  6.718979E-06 -2.526976E-05 -4.631002E-17  7.231737E-18  1.529392E-30 -1.109620E-29  1.413484E-15  1.030536E-14  7.232609E-17  3.872118E-17
      60    30-0  1.299038E+01 -2.250000E+01  0.000000E+00  4.249647E-17 -2.370836E-18 -1.294812E-04 -4.253991E-19  2.128018E-10 -8.561617E-15  1.505056E-11  1.219266E-13  1.817250E-18 -1.643741E-17 -4.198664E-15 -8.437197E-15  7.603322E-17  2.694907E-16 -4.585757E-20  4.417474E-17
      61    30-1  1.299038E+01 -2.250000E+01  0.000000E+00  1.693164E-10  1.297807E-10 -6.233051E-17  4.135993E-17 -2.275481E-06  8.847131E-06  3.318883E-05 -1.248216E-04 -1.378625E-17 -7.126493E-17  3.857544E-31  8.174688E-31  1.301376E-15  9.488006E-15 -6.254744E-17 -3.572415E-17
      62    31-0  1.385641E+01 -2.300000E+01  0.000000E+00  8.981556E-18 -8.497701E-18 -4.508453E-06 -1.387559E-05 -5.836775E-10 -1.796129E-09 -4.024759E-11 -1.273674E-10 -8.912385E-18  6.037915E-18  1.008996E-15 -5.500481E-16 -1.702824E-16  1.638593E-16 -3.491358E-17  2.067921E-17
      63    31-1  1.385641E+01 -2.300000E+01  0.000000E+00 -6.310667E-10  1.785037E-09 -2.494732E-17 -6.690600E-17  1.027315E-06 -6.420418E-08 -1.453187E-05  7.895951E-07 -4.339011E-17  6.055805E-17  3.017561E-30  1.431031E-30  1.116695E-15 -1.890745E-16 -2.494044E-16 -3.401630E-17
      64    32-0  1.385641E+01 -2.400000E+01  0.000000E+00 -2.469348E-17 -1.231625E-17  2.226979E-05  6.853938E-05 -1.181638E-10 -3.636210E-10 -8.147915E-12 -2.578524E-11  4.679350E-17 -9.886211E-18  6.545690E-16 -3.638985E-16 -9.480064E-17 -2.256414E-17  4.534078E-17  7.015337E-18
      65    32-1  1.385641E+01 -2.400000E+01  0.000000E+00  1.277575E-10 -3.613751E-10  6.506691E-17  4.124111E-17  5.074491E-06 -3.171407E-07 -7.178110E-05  3.900256E-06 -7.275265E-17  5.425653E-17 -1.103116E-30 -1.233580E-30 -6.605004E-16  1.118334E-16  1.499071E-16  2.000056E-17
      66    33-0  1.472243E+01 -2.450000E+01  0.000000E+00 -2.707844E-17  2.936630E-17 -6.569462E-06  4.772994E-06 -2.745079E-09  1.994585E-09 -1.952937E-10  1.394884E-10  8.284167E-18  3.513571E-17  3.515089E-17  1.269623E-16 -3.792470E-18 -5.890372E-17 -4.828388E-17 -6.583224E-17
      67    33-1  1.472243E+01 -2.450000E+01  0.000000E+00  3.400560E-09  8.727134E-11 -1.068155E-17  1.360379E-17 -2.106762E-07 -5.327548E-07  2.917335E-06  7.556471E-06  1.706888E-17  4.058083E-17 -4.776857E-30  3.366595E-30  1.567285E-17  7.765897E-17  2.425802E-17 -6.281548E-17
      68    34-0  1.472243E+01 -2.550000E+01  0.000000E+00 -1.392637E-17  3.433963E-17  3.245028E-05 -2.357651E-05 -5.557331E-10  4.037978E-10 -3.953646E-11  2.823889E-11  1.700916E-17  4.854058E-17 -8.931149E-17 -1.371151E-16  3.156024E-17 -3.064976E-17  3.238309E-18  2.961340E-18
      69    34-1  1.472243E+01 -2.550000E+01  0.000000E+00 -6.884330E-10 -1.766782E-11 -1.533274E-16  1.456939E-17 -1.040649E-06 -2.631577E-06  1.441036E-05  3.732568E-05  5.118265E-17 -4.877230E-17  9.547291E-31 -3.490563E-30  3.425062E-17  1.697118E-16  6.137050E-17 -4.448038E-17
      70    35-0  1.558846E+01 -2.600000E+01  0.000000E+00 -3.818994E-17  1.303047E-17  3.656427E-06  2.656549E-06  4.932342E-09  3.583253E-09  3.467796E-10  2.562640E-10 -4.390074E-17 -5.093743E-17  5.198977E-17  5.975106E-17 -8.032425E-17  4.534519E-17 -7.248616E-17  4.955984E-17
      71    35-1  1.558846E+01 -2.600000E+01  0.000000E+00 -1.738891E-09 -5.859171E-09 -4.622524E-17 -1.137605E-16 -2.457728E-07  2.031488E-07  3.498170E-06 -2.843913E-06  6.234358E-17 -2.399687E-17 -1.962484E-30 -1.321051E-30  1.993354E-17 -4.679027E-18  6.905757E-17 -4.047250E-17
      72    36-0  1.558846E+01 -2.700000E+01  0.000000E+00 -1.951542E-17 -1.411418E-17 -1.806116E-05 -1.312220E-05  9.985378E-10  7.254188E-10  7.020446E-11  5.187982E-11  8.142176E-17 -4.463588E-17  6.493568E-17 -1.216091E-17  1.248012E-16 -3.030639E-18  4.469294E-17 -2.215525E-17
      73    36-1  1.558846E+01 -2.700000E+01  0.000000E+00  3.520333E-10  1.186171E-09  9.451248E-17 -4.598100E-18 -1.214011E-06  1.003467E-06  1.727944E-05 -1.404769E-05  9.958203E-17 -2.788611E-17  1.393819E-30 -3.038770E-31  7.390353E-19 -1.734747E-19 -6.162119E-17 -3.658432E-17
      74    37-0  1.645448E+01 -2.750000E+01  0.000000E+00 -7.861454E-18  2.988439E-17  7.773357E-07 -2.392393E-06  3.384422E-09 -1.041760E-08  2.453570E-10 -7.348404E-10  1.195370E-17 -4.813729E-17  5.057857E-18  3.072279E-17  3.899299E-17  4.370140E-17  1.684597E-17  1.726346E-16
      75    37-1  1.645448E+01 -2.750000E+01  0.000000E+00 -9.046431E-09  6.224391E-09 -6.454189E-17 -1.646963E-19  1.498055E-07  9.515692E-08 -2.107051E-06 -1.362584E-06  9.236517E-17  2.338885E-17  1.236811E-30 -2.553615E-30 -2.325091E-20 -8.671320E-20  1.138162E-17 -2.202216E-17
      76    38-0  1.645448E+01 -2.850000E+01  0.000000E+00  8.185292E-19  7.471524E-17 -3.839700E-06  1.181738E-05  6.851659E-10 -2.109012E-09  4.967179E-11 -1.487661E-10  3.957018E-17 -4.105597E-17 -1.299944E-17  8.198935E-17 -7.055620E-17 -1.628458E-16 -1.648230E-17  2.382932E-17
      77    38-1  1.645448E+01 -2.850000E+01  0.000000E+00  1.831423E-09 -1.260109E-09 -2.114614E-17 -2.158160E-17  7.399742E-07  4.700338E-07 -1.040792E-05 -6.730572E-06  1.222422E-16 -5.715249E-17 -1.735326E-30  5.298848E-30  6.156304E-19  2.295967E-18  4.358748E-17  4.182552E-17
      78    39-0  1.732051E+01 -2.900000E+01  0.000000E+00  2.822978E-17  1.705788E-17 -1.400081E-06 -6.748021E-21 -1.968017E-08  7.910643E-13 -1.391885E-09 -1.126572E-11  1.675726E-17  1.216633E-17  2.312601E-18  2.637090E-19  4.197501E-17  3.355933E-18 -9.106060E-17  8.627832E-17
      79    39-1  1.732051E+01 -2.900000E+01  0.000000E+00  1.565859E-08  1.200229E-08 -8.704880E-17  2.090194E-17  2.460479E-08 -9.566409E-08 -3.588711E-07  1.349697E-06  1.204047E-16 -6.096453E-17  1.002705E-29 -4.531216E-30  2.691077E-19 -8.129948E-20 -4.068121E-17 -1.197088E-17
      80    40-0  1.732051E+01 -3.000000E+01  0.000000E+00 -5.055537E-18 -1.714869E-17  6.915793E-06  3.441378E-20 -3.984190E-09  1.601495E-13 -2.817829E-10 -2.280724E-12 -1.154730E-17  1.785364E-17  1.031405E-17 -1.950578E-17 -2.191162E-17 -1.043538E-17 -5.138917E-17 -6.746641E-18
      81    40-1  1.732051E+01 -3.000000E+01  0.000000E+00 -3.170035E-09 -2.429827E-09 -5.717948E-17 -6.842353E-17  1.215369E-07 -4.725390E-07 -1.772667E-06  6.666917E-06  6.424366E-17 -7.171329E-17  1.449693E-30  1.334971E-30  1.432825E-19 -4.328672E-20 -2.521491E-17 -1.312529E-17
      82    41-0  1.818653E+01 -3.050000E+01  0.000000E+00 -3.671378E-18 -4.100526E-17  2.408034E-07  7.411168E-07  1.092793E-08  3.362811E-08  7.535347E-10  2.384642E-09  4.391519E-17  3.797550E-17  4.633349E-17  1.416046E-16 -5.593259E-17 -9.210562E-17 -1.579729E-17 -8.179656E-17
      83    41-1  1.818653E+01 -3.050000E+01  0.000000E+00  1.181518E-08 -3.342043E-08  2.871589E-17 -5.504269E-17 -5.487051E-08  3.429245E-09  7.761696E-07 -4.217350E-08 -6.475845E-17 -5.371022E-17 -1.499428E-30  2.489154E-30 -5.648961E-21 -1.677590E-20  3.421081E-18  9.312866E-17
      84    42-0  1.818653E+01 -3.150000E+01  0.000000E+00 -2.119539E-17 -4.316646E-17 -1.189464E-06 -3.660794E-06  2.212326E-09  6.807908E-09  1.525508E-10  4.827636E-10  4.655815E-17  6.338037E-17 -1.456683E-16 -9.256830E-17  7.285376E-17 -2.121660E-17  5.861622E-17  2.050124E-17
      85    42-1  1.818653E+01 -3.150000E+01  0.000000E+00 -2.391947E-09  6.765865E-09 -3.473647E-18 -1.162347E-17 -2.710364E-07  1.693898E-08  3.833940E-06 -2.083187E-07 -4.503860E-17  2.534307E-17  2.696617E-30 -3.641151E-30  7.815293E-21  2.320934E-20 -3.448746E-17 -4.451298E-17
      86    43-0  1.905256E+01 -3.200000E+01  0.000000E+00 -3.563750E-17  1.485695E-18  3.508852E-07 -2.549330E-07  5.139486E-08 -3.734371E-08  3.656396E-09 -2.611576E-09  8.224638E-17 -6.731755E-17 -6.135004E-17 -1.150354E-17  7.141232E-17 -5.105455E-17 -4.269654E-18  6.731519E-17
      87    43-1  1.905256E+01 -3.200000E+01  0.000000E+00 -6.366713E-08 -1.633944E-09 -1.135819E-16 -9.861563E-17  1.125254E-08  2.845526E-08 -1.558194E-07 -4.036028E-07  5.680717E-17 -9.768167E-17  3.481370E-31 -2.183558E-31  2.714427E-21 -1.010020E-21  2.867102E-18  7.623333E-17
      88    44-0  1.905256E+01 -3.300000E+01  0.000000E+00 -5.458184E-17  4.306087E-17 -1.733220E-06  1.259258E-06  1.040473E-08 -7.560121E-09  7.402264E-10 -5.287056E-10  1.013856E-16 -8.597461E-17  9.257116E-17 -3.494263E-17 -7.862117E-17  6.884968E-17  5.930701E-19  2.151211E-17
      89    44-1  1.905256E+01 -3.300000E+01  0.000000E+00  1.288922E-08  3.307871E-10  1.003978E-16 -5.570392E-18  5.558267E-08  1.405566E-07 -7.696799E-07 -1.993622E-06 -4.936592E-17 -1.141729E-16  5.599125E-30  8.349903E-31  3.304749E-21 -1.229689E-21  3.631886E-18  4.436452E-17
      90    45-0  1.991858E+01 -3.350000E+01  0.000000E+00  5.816979E-17  2.384524E-17 -1.952954E-07 -1.418904E-07 -9.234598E-08 -6.708761E-08 -6.492596E-09 -4.797911E-09  2.937308E-17  6.131107E-17  4.866552E-17  5.640176E-17 -9.819554E-17 -8.405447E-17 -2.443814E-17 -2.915196E-17
      91    45-1  1.991858E+01 -3.350000E+01  0.000000E+00  3.255646E-08  1.096986E-07  3.612142E-17 -2.659772E-17  1.312711E-08 -1.085049E-08 -1.868427E-07  1.518978E-07 -6.771874E-17 -1.264272E-17 -4.200492E-31  1.824507E-30 -1.576372E-22 -3.860675E-22 -2.315069E-17  2.426074E-17
      92    46-0  1.991858E+01 -3.450000E+01  0.000000E+00  1.023476E-16  6.602512E-17  9.646743E-07  7.008769E-07 -1.869517E-08 -1.358168E-08 -1.314406E-09 -9.713227E-10  1.036534E-16  4.250631E-17  8.650159E-18 -1.735821E-16  2.238486E-17 -5.811743E-17 -3.549147E-17 -8.252615E-17
      93    46-1  1.991858E+01 -3.450000E+01  0.000000E+00 -6.590957E-09 -2.220815E-08  3.668587E-17 -5.238619E-17  6.484220E-08 -5.359672E-08 -9.229216E-07  7.503091E-07  8.767304E-17 -3.334760E-17  7.242661E-32 -1.720984E-30  5.151228E-23  1.261270E-22 -2.643608E-17 -3.625524E-17
      94    47-0  2.078461E+01 -3.500000E+01  0.000000E+00  4.194628E-17 -1.308517E-16 -4.151870E-08  1.277814E-07 -6.336498E-08  1.950440E-07 -4.593707E-09  1.375808E-08  9.057504E-17  9.908789E-17  8.632828E-17 -3.839013E-17  8.791530E-17  9.378828E-17  3.079625E-17 -9.986406E-17
      95    47-1  2.078461E+01 -3.500000E+01  0.000000E+00  1.693722E-07 -1.165364E-07 -2.790922E-17 -3.920204E-17 -8.001346E-09 -5.082479E-09  1.125409E-07  7.277772E-08 -7.278417E-17 -2.485522E-17  2.213831E-30  5.741317E-31  1.471696E-23 -6.560924E-24  1.265705E-17  8.992672E-17
      96    48-0  2.078461E+01 -3.600000E+01  0.000000E+00  5.745350E-17 -1.235716E-16  2.050843E-07 -6.311847E-07 -1.282805E-08  3.948607E-08 -9.299822E-10  2.785282E-09 -3.662637E-18  2.166708E-17 -9.193760E-17  8.032098E-18 -5.895484E-18  8.204012E-17 -8.682757E-17  4.757467E-17
      97    48-1  2.078461E+01 -3.600000E+01  0.000000E+00 -3.428889E-08  2.359245E-08  7.716418E-18  2.299086E-18 -3.952317E-08 -2.510523E-08  5.559029E-07  3.594903E-07  1.731549E-17  1.414296E-17  8.423882E-31 -9.600052E-31  5.233186E-23 -2.330389E-23 -9.886491E-18 -3.905807E-17
      98    49-0  2.165064E+01 -3.650000E+01  0.000000E+00 -6.169595E-17  1.175520E-18  7.478052E-08  5.076581E-22  3.684628E-07 -1.481063E-11  2.605962E-08  2.109214E-10  2.954208E-17  8.091276E-18  6.544446E-17  1.143962E-16  3.462916E-17  4.152826E-17 -5.385294E-17 -6.072360E-17
      99    49-1  2.165064E+01 -3.650000E+01  0.000000E+00 -2.931687E-07 -2.247133E-07  5.334331E-17 -5.814010E-17 -1.314180E-09  5.109567E-09  1.916786E-08 -7.208942E-08 -2.425362E-17 -9.391700E-18 -4.476387E-31 -3.366829E-30 -2.942403E-24 -6.104172E-24  1.994173E-17 -6.433443E-17
     100    50-0  2.165064E+01 -3.750000E+01  0.000000E+00 -1.495674E-16 -3.496714E-17 -3.693832E-07 -2.624548E-21  7.459417E-08 -2.998371E-12  5.275692E-09  4.270044E-11 -3.179428E-17  1.173805E-17  3.397806E-17 -2.453366E-17  1.158962E-16  7.607422E-17  9.886931E-20  3.218909E-17
     101    50-1  2.165064E+01 -3.750000E+01  0.000000E+00  5.935111E-08  4.549254E-08 -3.183335E-17  2.748424E-17 -6.491476E-09  2.523904E-08  9.468089E-08 -3.560903E-07  1.222693E-16  9.682493E-20  1.673332E-31  2.622224E-30 -6.341679E-25 -1.298127E-24 -1.763520E-17  6.592847E-17
     102    51-0  2.251666E+01 -3.800000E+01  0.000000E+00  2.238533E-17  6.158838E-17 -1.286168E-08 -3.958420E-08 -2.045986E-07 -6.296036E-07 -1.410808E-08 -4.464656E-08  9.236534E-17 -4.577027E-17 -4.026397E-17  2.991735E-17 -1.863377E-17  7.986427E-17  2.497716E-17  8.192980E-17
     103    51-1  2.251666E+01 -3.800000E+01  0.000000E+00 -2.212101E-07  6.257154E-07 -1.125556E-16 -1.701348E-17  2.930719E-09 -1.831613E-10 -4.145642E-08  2.252552E-09 -6.360046E-17  3.563385E-17  6.398938E-30 -3.416119E-31 -1.496677E-25  9.261731E-26 -3.861929E-17  4.135712E-17
     104    52-0  2.251666E+01 -3.900000E+01  0.000000E+00  2.359325E-17  8.770557E-17  6.353113E-08  1.955287E-07 -4.142037E-08 -1.274614E-07 -2.856139E-09 -9.038562E-09  4.062239E-17  7.180621E-17 -3.739368E-17  1.358288E-16 -4.940008E-17  3.029221E-17  7.768724E-17  1.438724E-17
     105    52-1  2.251666E+01 -3.900000E+01  0.000000E+00  4.478332E-08 -1.266742E-07  1.662632E-17  1.141038E-16  1.447648E-08 -9.047369E-10 -2.047767E-07  1.112663E-08  3.273348E-17  5.621855E-18  1.069062E-30  8.669141E-31  6.345087E-25 -3.369100E-25  1.963317E-17  1.806121E-17
     106    53-0  2.338269E+01 -3.950000E+01  0.000000E+00  4.184680E-17 -5.990719E-17 -1.874132E-08  1.361637E-08 -9.622424E-07  6.991691E-07 -6.845703E-08  4.889534E-08  4.103513E-17 -3.506820E-17  6.007073E-17 -4.400477E-17 -2.872800E-17  1.643589E-17 -2.423411E-17  1.525675E-17
     107    53-1  2.338269E+01 -3.950000E+01  0.000000E+00  1.192011E-06  3.059160E-08  1.251882E-18  8.523270E-17 -6.010158E-10 -1.519840E-09  8.322553E-09  2.155705E-08 -1.088728E-17 -4.891010E-17  2.830202E-31 -3.232488E-30 -5.208302E-26 -6.972844E-26  5.325671E-17 -7.994288E-17
     108    54-0  2.338269E+01 -4.050000E+01  0.000000E+00  1.371282E-16 -4.841497E-17  9.257396E-08 -6.725892E-08 -1.948031E-07  1.415447E-07 -1.385892E-08  9.898714E-09 -2.595666E-17 -1.404897E-17 -1.892815E-17 -5.906190E-17  1.667728E-18  1.532937E-17 -5.399481E-17 -1.213331E-17
     109    54-1  2.338269E+01 -4.050000E+01  0.000000E+00 -2.413189E-07 -6.193176E-09  7.182903E-17 -9.948337E-17 -2.968757E-09 -7.507346E-09  4.110979E-08  1.064825E-07 -5.377963E-17  1.573355E-17 -2.089573E-31  4.670472E-30 -2.319856E-26 -5.783304E-26  3.534145E-17  1.821966E-17
     110    55-0  2.424871E+01 -4.100000E+01  0.000000E+00 -7.415909E-17 -5.853080E-17  1.043103E-08  7.578587E-09  1.728952E-06  1.256051E-06  1.215579E-07  8.982910E-08 -5.654333E-17  4.829767E-17 -2.211800E-17  4.264988E-18 -1.271283E-16  9.737353E-17 -1.085186E-16  1.512841E-17
     111    55-1  2.424871E+01 -4.100000E+01  0.000000E+00 -6.095397E-07 -2.053836E-06  4.211058E-17 -5.734793E-17 -7.011392E-10  5.795417E-10  9.979557E-09 -8.113097E-09  7.802420E-17  3.037519E-17  6.454553E-32 -1.222901E-31 -7.856240E-27  1.764840E-28 -9.350895E-18  1.050721E-17
     112    56-0  2.424871E+01 -4.200000E+01  0.000000E+00 -1.037727E-16 -7.695834E-17 -5.152475E-08 -3.743492E-08  3.500210E-07  2.542837E-07  2.460903E-08  1.818563E-08 -3.702859E-17  4.412129E-17 -8.217007E-18  3.875811E-18  9.477518E-17 -1.247373E-16  8.017459E-17  5.054807E-17
     113    56-1  2.424871E+01 -4.200000E+01  0.000000E+00  1.233995E-07  4.157930E-07 -1.658302E-17 -3.403360E-17 -3.463323E-09  2.862684E-09  4.929467E-08 -4.007517E-08 -5.232259E-17  9.881126E-17  3.541613E-30 -5.462921E-31  6.016761E-27  4.110080E-27 -3.403718E-17  4.246538E-17
     114    57-0  2.511474E+01 -4.250000E+01  0.000000E+00 -2.594969E-17  3.910476E-17  2.217578E-09 -6.825004E-09  1.186353E-06 -3.651720E-06  8.600588E-08 -2.575862E-07  6.940220E-17  8.996673E-17  4.840325E-17  6.330698E-17 -1.484932E-16 -9.831212E-17 -1.616641E-16  7.537365E-17
     115    57-1  2.511474E+01 -4.250000E+01  0.000000E+00 -3.171078E-06  2.181858E-06 -6.683525E-17 -7.229031E-17  4.273645E-10  2.714630E-10 -6.010982E-09 -3.887171E-09  1.239307E-17  4.587729E-17 -2.876428E-31 -4.559278E-31  2.675021E-27 -6.811256E-28  5.437340E-17  9.323294E-17
     116    58-0  2.511474E+01 -4.350000E+01  0.000000E+00 -5.592682E-17  8.919175E-17 -1.095387E-08  3.371255E-08  2.401737E-07 -7.392797E-07  1.741163E-08 -5.214756E-08  4.075134E-17  4.449078E-17  1.237587E-18  9.817094E-17  2.322285E-16  4.776206E-17 -1.440947E-17  2.750065E-18
     117    58-1  2.511474E+01 -4.350000E+01  0.000000E+00  6.419752E-07 -4.417106E-07 -2.748027E-17  7.777585E-17  2.110994E-09  1.340909E-09 -2.969164E-08 -1.920093E-08 -1.591923E-17  2.229891E-17 -4.484786E-31  2.749303E-30 -4.198749E-27 -8.830624E-28 -3.036008E-17 -4.757958E-17
     118    59-0  2.598076E+01 -4.400000E+01  0.000000E+00  8.675471E-18 -2.681913E-17 -3.994143E-09 -3.290928E-23 -6.898560E-06  2.772927E-10 -4.879024E-07 -3.948985E-09 -2.243750E-17 -3.692580E-17  4.740506E-18  5.640140E-17  3.555930E-17  1.334926E-17  5.207072E-18 -4.312345E-17
     119    59-1  2.598076E+01 -4.400000E+01  0.000000E+00  5.488863E-06  4.207205E-06  7.427803E-17 -1.349311E-16  7.019239E-11 -2.729100E-10 -1.023785E-09  3.850407E-09 -7.105946E-17 -9.881884E-17 -3.200339E-30  4.110736E-31 -1.963517E-27  2.849174E-27 -7.075705E-17  7.163095E-17
     120    60-0  2.598076E+01 -4.500000E+01  0.000000E+00  9.431874E-17  3.638873E-17  1.972933E-08  1.514490E-22 -1.396593E-06  5.613707E-11 -9.877436E-08 -7.994602E-10 -1.259933E-16  8.495885E-17 -8.624243E-17 -4.549549E-17 -2.609648E-17  1.118143E-16 -3.219983E-17  1.686659E-17
     121    60-1  2.598076E+01 -4.500000E+01  0.000000E+00 -1.111204E-06 -8.517359E-07  8.405702E-18  3.045379E-18  3.467198E-10 -1.348056E-09 -5.057053E-09  1.901934E-08 -3.832217E-17  8.520010E-17  4.265814E-30 -6.714454E-31  1.052793E-27 -1.494049E-27  7.540685E-17  1.869912E-20
     122    61-0  2.684679E+01 -4.550000E+01  0.000000E+00 -1.615538E-17  4.493690E-17  6.869625E-10  2.114253E-09  3.830606E-06  1.178778E-05  2.641392E-07  8.358971E-07  3.122090E-17 -1.148467E-16 -1.724576E-17  1.556838E-17 -3.254071E-17 -1.051822E-17  1.849214E-16  7.553742E-17
     123    61-1  2.684679E+01 -4.550000E+01  0.000000E+00  4.141616E-06 -1.171498E-05  6.632259E-17 -1.441195E-17 -1.565342E-10  9.782953E-12  2.214251E-09 -1.203123E-10  2.791078E-17 -1.512401E-17 -1.264226E-30 -3.078860E-33  8.926522E-28 -9.221550E-27 -6.223602E-17 -4.237917E-17
     124    62-0  2.684679E+01 -4.650000E+01  0.000000E+00 -4.035117E-18 -3.148059E-17 -3.393296E-09 -1.044349E-08  7.754946E-07  2.386401E-06  5.347419E-08  1.692249E-07  3.594537E-17 -7.786440E-17 -4.681822E-17 -5.516031E-17  1.325235E-16 -4.402004E-17 -4.912394E-17  1.907217E-17
     125    62-1  2.684679E+01 -4.650000E+01  0.000000E+00 -8.384577E-07  2.371663E-06 -1.349607E-16 -3.493796E-17 -7.732111E-10  4.832356E-11  1.093744E-08 -5.942905E-10 -3.539860E-17  1.976482E-17  3.164505E-31 -7.907878E-31  2.881718E-27 -1.020652E-27  9.049853E-17  6.443354E-17
     126    63-0  2.771281E+01 -4.700000E+01  0.000000E+00  2.500786E-17  3.754908E-17  1.001003E-09 -7.272713E-10  1.801562E-05 -1.309022E-05  1.281690E-06 -9.154450E-07 -4.831528E-17  2.781305E-17 -1.706322E-18  1.063514E-17 -6.068323E-18  1.177858E-16 -1.408160E-17  6.703898E-18
     127    63-1  2.771281E+01 -4.700000E+01  0.000000E+00 -2.231747E-05 -5.727524E-07 -2.802506E-18 -8.712298E-18  3.210128E-11  8.117688E-11 -4.445206E-10 -1.151396E-09  2.226846E-17  5.492547E-17  3.170683E-31  7.952171E-31  4.075759E-27 -9.190189E-28  6.761235E-17 -5.488671E-17
     128    64-0  2.771281E+01 -4.800000E+01  0.000000E+00  2.071834E-17 -4.981143E-17 -4.944519E-09  3.592403E-09  3.647209E-06 -2.650076E-06  2.594742E-07 -1.853291E-07  5.872980E-17 -4.995809E-17 -8.611863E-18  3.170935E-17  1.020791E-16 -1.882409E-16 -8.773112E-18  9.224960E-17
     129    64-1  2.771281E+01 -4.800000E+01  0.000000E+00  4.518104E-06  1.159520E-07  2.493778E-18  5.789208E-17  1.585659E-10  4.009791E-10 -2.195738E-09 -5.687393E-09 -1.116030E-17  2.649182E-17  1.024671E-30  5.061377E-31 -7.302735E-27  5.929958E-28 -2.617161E-17 -6.917258E-17
     130    65-0  2.857884E+01 -4.850000E+01  0.000000E+00 -4.578276E-17 -2.344485E-17 -5.571376E-10 -4.047841E-10 -3.237037E-05 -2.351646E-05 -2.275873E-06 -1.681829E-06 -2.289455E-17 -8.094028E-18 -5.135617E-17  1.508729E-17 -5.271909E-17  3.268979E-17  2.558025E-16  1.427353E-16
     131    65-1  2.857884E+01 -4.850000E+01  0.000000E+00  1.141213E-05  3.845304E-05 -7.556167E-18 -1.789727E-17  3.744892E-11 -3.095431E-11 -5.330238E-10  4.333333E-10 -1.877880E-16 -2.102767E-16  1.306880E-31  3.021522E-30  4.387979E-27  9.948779E-27 -4.196959E-20 -6.310906E-18
     132    66-0  2.857884E+01 -4.950000E+01  0.000000E+00 -6.510389E-17 -5.835202E-17  2.752017E-09  1.999457E-09 -6.553283E-06 -4.760837E-06 -4.607437E-07 -3.404812E-07 -9.217779E-17 -2.448266E-17  3.754413E-18  6.724060E-17  1.040923E-16  3.601445E-17  9.510022E-17  4.307915E-18
     133    66-1  2.857884E+01 -4.950000E+01  0.000000E+00 -2.310352E-06 -7.784701E-06 -9.178410E-18 -1.364390E-17  1.849816E-10 -1.529003E-10 -2.632905E-09  2.140477E-09  6.555277E-17  3.365808E-17 -5.253117E-31  7.471332E-32 -2.037103E-27 -5.180405E-27 -1.065211E-17  3.011594E-17
     134    67-0  2.944486E+01 -5.000000E+01  0.000000E+00 -2.796429E-17 -4.328793E-18 -1.184443E-10  3.645341E-10 -2.221155E-05  6.836948E-05 -1.610249E-06  4.822669E-06 -1.736151E-17  4.954298E-17  8.076667E-17 -4.396257E-17 -2.886058E-17  1.085778E-16  8.204541E-17 -6.397148E-16
     135    67-1  2.944486E+01 -5.000000E+01  0.000000E+00  5.937064E-05 -4.084993E-05  1.305299E-16 -3.464563E-17 -2.282624E-11 -1.449935E-11  3.210563E-10  2.076200E-10 -5.175787E-16  4.784341E-16  9.747298E-32  6.594620E-31 -6.968663E-27  4.842816E-27  3.272380E-17 -7.699493E-17
     136    68-0  2.944486E+01 -5.100000E+01  0.000000E+00 -3.013321E-17  3.333260E-17  5.850632E-10 -1.800639E-09 -4.496662E-06  1.384119E-05 -3.259900E-07  9.763348E-07 -4.222147E-17  8.417139E-17 -2.231055E-17  1.594165E-17  1.350132E-16 -4.145407E-17 -3.163777E-16  1.128584E-15
     137    68-1  2.944486E+01 -5.100000E+01  0.000000E+00 -1.201941E-05  8.269945E-06 -1.423844E-16  2.320341E-17 -1.127514E-10 -7.162002E-11  1.585876E-09  1.025551E-09 -8.145723E-16  7.759055E-16 -3.920529E-31 -7.711919E-32  1.297772E-26 -5.498962E-28  5.060724E-17  3.136214E-17
     138    69-0  3.031089E+01 -5.150000E+01  0.000000E+00  9.052897E-17  3.733329E-18  2.133334E-10 -1.299354E-23  1.291586E-04 -5.191624E-09  9.134773E-06  7.393504E-08  4.691117E-17 -2.539741E-17 -5.294950E-18  2.975670E-17  1.815502E-17  1.843469E-17  9.366245E-15  1.831842E-15
     139    69-1  3.031089E+01 -5.150000E+01  0.000000E+00 -1.027655E-04 -7.876957E-05 -1.121608E-16  5.423760E-18 -3.749228E-12  1.457663E-11  5.468212E-11 -2.056565E-10 -6.574015E-15 -7.148221E-15  3.517414E-31 -3.168917E-30 -6.570946E-27 -6.133569E-27  1.273953E-17  2.413107E-17
     140    70-0  3.031089E+01 -5.250000E+01  0.000000E+00  8.610778E-17 -2.439658E-18 -1.053774E-09 -8.227528E-24  2.614776E-05 -1.051029E-09  1.849307E-06  1.496793E-08  1.139281E-16  9.315495E-18  2.074140E-17 -9.782791E-18 -5.171188E-17  2.266505E-17  1.021495E-14  1.938693E-15
     141    70-1  3.031089E+01 -5.250000E+01  0.000000E+00  2.080456E-05  1.594666E-05  6.683954E-17 -6.463269E-17 -1.851867E-11  7.200169E-11  2.701050E-10 -1.015852E-09  7.268390E-15  7.647062E-15  5.780965E-31  1.026600E-30  1.617283E-27  7.219984E-27  7.447291E-18 -1.692522E-17
     142    71-0  3.117691E+01 -5.300000E+01  0.000000E+00 -9.899968E-19 -2.378099E-17 -3.669179E-11 -1.129257E-10 -7.171868E-05 -2.206972E-04 -4.945358E-06 -1.565012E-05 -2.958412E-17 -2.747580E-17  7.344315E-18 -6.009767E-18 -4.984250E-17  7.074244E-17  1.384948E-14 -8.678589E-14
     143    71-1  3.117691E+01 -5.300000E+01  0.000000E+00 -7.754158E-05  2.193343E-04 -5.305540E-17  4.927997E-17  8.360507E-12 -5.225338E-13 -1.182668E-10  6.426063E-12 -6.208286E-14  6.218742E-14  2.468148E-30  1.875486E-31  1.563202E-27 -3.304383E-27 -3.406438E-17 -3.808734E-17
     144    72-0  3.117691E+01 -5.400000E+01  0.000000E+00 -5.742615E-17 -1.408237E-16  1.812412E-10  5.578031E-10 -1.451923E-05 -4.467949E-05 -1.001173E-06 -3.168319E-06 -3.181531E-17  7.859850E-17  5.721112E-17 -3.836158E-17 -3.655854E-18 -1.114569E-16 -5.887624E-15  3.705679E-14
     145    72-1  3.117691E+01 -5.400000E+01  0.000000E+00  1.569806E-05 -4.440356E-05  7.393204E-18 -7.422718E-17  4.129855E-11 -2.581049E-12 -5.841854E-10  3.174195E-11 -2.647465E-14  2.656871E-14 -9.361914E-33  1.140549E-31 -1.390119E-26  1.235707E-27 -1.426628E-18 -2.284436E-17
     146    73-0  3.204294E+01 -5.450000E+01  0.000000E+00 -4.122509E-17  2.394315E-17 -5.346520E-11  3.884474E-11 -3.372983E-04  2.450823E-04 -2.399649E-05  1.713946E-05 -1.521351E-16  1.467972E-17 -9.975524E-18  3.893260E-17  8.851415E-17  6.500200E-17  3.143462E-13  3.994687E-14
     147    73-1  3.204294E+01 -5.450000E+01  0.000000E+00  4.178397E-04  1.072338E-05  9.560251E-17 -2.391406E-18 -1.714629E-12 -4.335741E-12  2.374261E-11  6.149813E-11 -2.312477E-13 -2.165086E-13 -3.535785E-31  2.054763E-30  9.851019E-28  8.223435E-27  2.231430E-17  1.389512E-17
     148    74-0  3.204294E+01 -5.550000E+01  0.000000E+00 -1.572888E-16  8.097967E-17  2.640943E-10 -1.918758E-10 -6.828502E-05  4.961616E-05 -4.858017E-06  3.469832E-06 -1.179349E-17 -5.145954E-18  5.526181E-17 -5.835352E-17 -1.134347E-16  1.024228E-17  8.931767E-13  1.134023E-13
     149    74-1  3.204294E+01 -5.550000E+01  0.000000E+00 -8.459040E-05 -2.170916E-06 -3.185640E-17 -4.162220E-17 -8.469185E-12 -2.141690E-11  1.172778E-10  3.037721E-10  6.572227E-13  6.153858E-13 -6.455670E-32 -5.503014E-31 -3.032575E-27 -1.206981E-26 -3.618728E-17 -1.621165E-17
     150    75-0  3.290897E+01 -5.600000E+01  0.000000E+00  7.647924E-17  4.810738E-17  2.975771E-11  2.162016E-11  6.060556E-04  4.402879E-04  4.261013E-05  3.148812E-05 -1.573969E-17  3.140018E-18 -2.067970E-17 -8.294968E-18 -6.700269E-17  5.902940E-17  7.217278E-13 -7.579764E-12
     151    75-1  3.290897E+01 -5.600000E+01  0.000000E+00 -2.136642E-04 -7.199386E-04 -1.179319E-16 -1.019134E-16 -2.000304E-12  1.653402E-12  2.846987E-11 -2.314515E-11 -5.026864E-12  5.718685E-12 -5.527338E-31 -1.206929E-31 -5.534101E-27  4.702370E-27 -5.583121E-17  2.373307E-17
     152    76-0  3.290897E+01 -5.700000E+01  0.000000E+00  9.013454E-17  1.074680E-16 -1.469895E-10 -1.067941E-10  1.226941E-04  8.913497E-05  8.626293E-06  6.374674E-06 -1.919860E-17  6.947020E-17 -8.891153E-18  4.826399E-17 -3.272251E-17 -1.054592E-16  1.030039E-13 -1.082384E-12
     153    76-1  3.290897E+01 -5.700000E+01  0.000000E+00  4.325566E-05  1.457494E-04 -4.352542E-17 -1.037176E-17 -9.879972E-12  8.166430E-12  1.406270E-10 -1.143257E-10  7.177656E-13 -8.166044E-13  3.532375E-32  7.736671E-33  1.526418E-26 -2.177689E-27  5.055660E-17  4.083026E-18
     154    77-0  3.377499E+01 -5.750000E+01  0.000000E+00  5.617278E-17 -7.388944E-17  6.326459E-12 -1.947077E-11  4.158567E-04 -1.280050E-03  3.014795E-05 -9.029263E-05 -2.256798E-16 -9.837136E-17 -1.383148E-16  8.459850E-18  1.070588E-16  7.154490E-18 -9.175268E-12 -5.834945E-13
     155    77-1  3.377499E+01 -5.750000E+01  0.000000E+00 -1.111569E-03  7.648146E-04 -1.837438E-16  6.862766E-17  1.219082E-12  7.743938E-13 -1.714834E-11 -1.108938E-11  7.092608E-12  5.849885E-12  1.991871E-31 -5.941797E-31  8.546908E-28 -1.027141E-26 -4.915060E-19 -5.578554E-17
     156    78-0  3.377499E+01 -5.850000E+01  0.000000E+00  6.795317E-17 -1.653533E-16 -3.124908E-11  9.617465E-11  8.418894E-05 -2.591424E-04  6.103361E-06 -1.827947E-05 -7.320841E-17 -2.282778E-17  5.645793E-17 -5.161208E-19 -6.061662E-17 -3.352648E-17  5.971300E-11  3.797374E-12
     157    78-1  3.377499E+01 -5.850000E+01  0.000000E+00  2.250339E-04 -1.548344E-04  4.285145E-17  1.196943E-17  6.022243E-12  3.825371E-12 -8.470364E-11 -5.477601E-11  4.615871E-11  3.807154E-11 -9.523690E-32  3.003616E-31  1.163665E-27  1.073159E-26 -1.136100E-17 -1.242528E-17
     158    79-0  3.464102E+01 -5.900000E+01  0.000000E+00 -1.133249E-16 -1.888405E-17 -1.139503E-11  1.169404E-22 -2.418177E-03  9.720040E-08 -1.710262E-04 -1.384252E-06  5.990564E-17 -3.660739E-17  2.030074E-17  1.000009E-17 -8.450339E-18  4.794281E-17  1.623378E-11 -5.056753E-10
     159    79-1  3.464102E+01 -5.900000E+01  0.000000E+00  1.924031E-03  1.474767E-03  3.336776E-16  2.608155E-16  2.002283E-13 -7.786602E-13 -2.920898E-12  1.098516E-11 -3.095029E-10  4.002236E-10 -7.564048E-32 -4.814620E-34  1.120431E-26 -3.293379E-27  5.482577E-17 -3.172977E-17
     160    80-0  3.464102E+01 -6.000000E+01  0.000000E+00 -1.325586E-16  3.977240E-17  5.628282E-11  2.919034E-23 -4.895526E-04  1.967793E-08 -3.462373E-05 -2.802376E-07 -7.557709E-18 -1.188223E-17 -4.492774E-18  3.735012E-17  1.194649E-17 -1.080057E-16  1.052476E-11 -3.278411E-10
     161    80-1  3.464102E+01 -6.000000E+01  0.000000E+00 -3.895142E-04 -2.985621E-04 -5.636148E-17 -8.016161E-17  9.891099E-13 -3.845681E-12 -1.442671E-11  5.425752E-11  2.006580E-10 -2.594744E-10 -3.321341E-31  1.069963E-32 -9.948036E-27  1.956041E-27  7.312842E-18 -6.717823E-17
     162    81-0  3.550704E+01 -6.050000E+01  0.000000E+00 -5.585551E-18  9.975691E-17  1.960192E-12  6.032779E-12  1.342756E-03  4.132013E-03  9.258967E-05  2.930100E-04  1.536259E-17 -1.197091E-18 -7.373569E-17  2.798298E-17 -4.169428E-17  6.269694E-18 -2.773557E-09 -1.875631E-12
     163    81-1  3.550704E+01 -6.050000E+01  0.000000E+00  1.451776E-03 -4.106495E-03  1.222310E-16 -6.997200E-16 -4.466701E-13  2.787494E-14  6.318149E-12 -3.434373E-13  2.246252E-09  1.626952E-09 -4.568957E-32  2.483449E-31  1.001045E-27  1.439039E-26 -6.171157E-17 -3.893606E-17
     164    82-0  3.550704E+01 -6.150000E+01  0.000000E+00  7.425607E-17  1.100082E-16 -9.680031E-12 -2.979205E-11  2.718369E-04  8.365136E-04  1.874450E-05  5.931900E-05  1.144338E-16  7.561035E-17 -8.828896E-17 -4.673623E-18  7.799242E-17  1.246448E-17  2.906055E-09  1.965272E-12
     165    82-1  3.550704E+01 -6.150000E+01  0.000000E+00 -2.939076E-04  8.313475E-04  1.133225E-16  8.750034E-17 -2.205764E-12  1.379327E-13  3.120118E-11 -1.695315E-12  2.353560E-09  1.704675E-09 -8.672456E-33 -1.269686E-31 -2.226982E-27 -1.128173E-27  3.156763E-17 -7.148121E-18
     166    83-0  3.637307E+01 -6.200000E+01  0.000000E+00  8.082650E-17 -1.823953E-17  2.857724E-12 -2.076303E-12  6.315081E-03 -4.588563E-03  4.492753E-04 -3.208942E-04  3.881016E-17 -2.757415E-17  1.017674E-17 -8.757533E-18 -1.903824E-17  3.455994E-17 -7.552394E-10 -2.456116E-08
     167    83-1  3.637307E+01 -6.200000E+01  0.000000E+00 -7.823022E-03 -2.007690E-04 -1.295206E-15  6.349576E-17  9.177202E-14  2.317194E-13 -1.269041E-12 -3.286890E-12 -1.378202E-08  2.034397E-08 -9.061347E-32 -1.739093E-32 -1.056054E-26  2.831900E-27 -2.925253E-17  1.595277E-17
     168    84-0  3.637307E+01 -6.300000E+01  0.000000E+00  1.638977E-16 -8.107924E-17 -1.410403E-11  1.024712E-11  1.278469E-03 -9.289408E-04  9.095443E-05 -6.496407E-05  7.840073E-17 -8.933747E-17  2.522495E-17  3.491132E-17  8.340502E-18 -1.331986E-16 -1.094398E-09 -3.559094E-08
     169    84-1  3.637307E+01 -6.300000E+01  0.000000E+00  1.583747E-03  4.064507E-05  2.919511E-16 -1.661537E-16  4.522162E-13  1.143824E-12 -6.263207E-12 -1.622305E-11  1.997116E-08 -2.947992E-08  4.075291E-32  7.499958E-34 -3.470615E-28 -1.723181E-27 -2.580848E-17  3.950371E-17
     170    85-0  3.723909E+01 -6.350000E+01  0.000000E+00 -4.683334E-17 -2.503702E-17 -1.592891E-12 -1.157388E-12 -1.134690E-02 -8.243310E-03 -7.977700E-04 -5.895376E-04 -5.506795E-17  3.935581E-18  5.633405E-17  6.797907E-18 -1.474010E-17 -3.379678E-18 -3.005075E-07  1.870231E-08
     171    85-1  3.723909E+01 -6.350000E+01  0.000000E+00  4.000336E-03  1.347908E-02  6.497433E-16  2.343644E-15  1.070157E-13 -8.848345E-14 -1.524155E-12  1.238907E-12  2.544550E-07  1.609572E-07 -8.456280E-34  4.898326E-33 -1.904541E-27 -9.071539E-27  5.162501E-17  8.411073E-18
     172    86-0  3.723909E+01 -6.450000E+01  0.000000E+00 -1.115537E-16 -6.387291E-17  7.847957E-12  5.701927E-12 -2.297146E-03 -1.668833E-03 -1.615061E-04 -1.193501E-04 -3.685258E-17  4.374039E-17 -7.191951E-17 -1.879809E-17  7.230823E-17 -5.444317E-18  5.872751E-08 -3.654950E-09
     173    86-1  3.723909E+01 -6.450000E+01  0.000000E+00 -8.098560E-04 -2.728799E-03 -1.669549E-16 -5.682567E-16  5.274369E-13 -4.359018E-13 -7.508161E-12  6.104068E-12  4.972757E-08  3.145550E-08 -4.406469E-35 -4.444115E-33  1.916850E-28  8.459587E-27 -4.798587E-17  8.577436E-19
     174    87-0  3.810512E+01 -6.500000E+01  0.000000E+00 -5.296371E-17  6.569788E-17 -3.403742E-13  1.047543E-12 -7.785895E-03  2.396580E-02 -5.644462E-04  1.690508E-03  9.860804E-18  2.069988E-17  6.497991E-18  1.069953E-17  1.813444E-17 -1.374741E-16 -4.648800E-08 -4.953671E-07
     175    87-1  3.810512E+01 -6.500000E+01  0.000000E+00  2.081140E-02 -1.431927E-02  3.424473E-15 -2.396902E-15 -6.558231E-14 -4.186972E-14  9.226826E-13  5.965091E-13 -2.526397E-07  4.286290E-07  6.685942E-33  1.204912E-33  9.766902E-27  2.731867E-30  1.538063E-17  2.603895E-17
     176    88-0  3.810512E+01 -6.600000E+01  0.000000E+00 -3.079142E-17  1.417914E-16  1.667054E-12 -5.130619E-12 -1.576231E-03  4.851804E-03 -1.142704E-04  3.422382E-04 -2.377327E-17  1.326245E-16  1.900705E-17 -8.177314E-17 -2.139889E-17  3.453090E-17 -2.608743E-07 -2.779826E-06
     177    88-1  3.810512E+01 -6.600000E+01  0.000000E+00 -4.213206E-03  2.898894E-03 -6.613972E-16  5.148857E-16 -3.213756E-13 -2.039058E-13  4.518897E-12  2.922113E-12  1.417725E-06 -2.405315E-06  3.294196E-34  3.535443E-34 -1.726156E-27  8.857151E-28  3.982328E-17 -8.194508E-17
     178    89-0  3.897114E+01 -6.650000E+01  0.000000E+00  3.460750E-17 -4.299924E-17  6.228355E-13 -2.423508E-21  4.527442E-02 -1.819839E-06  3.202045E-03  2.591671E-05 -5.411591E-17 -2.524636E-17 -5.445151E-17 -4.355042E-18  4.268602E-17 -1.375685E-18 -2.342452E-05  2.943112E-06
     179    89-1  3.897114E+01 -6.650000E+01  0.000000E+00 -3.602275E-02 -2.761138E-02 -5.840893E-15 -4.496070E-15 -1.092196E-14  4.242399E-14  1.597008E-13 -6.002421E-13  2.070516E-05  1.134311E-05 -4.972899E-34  3.612177E-33 -1.582806E-28  4.045643E-27 -2.674295E-17  1.130751E-17
     180    90-0  3.897114E+01 -6.750000E+01  0.000000E+00  1.166991E-16  6.559351E-18 -2.994485E-12 -4.000571E-22  9.165669E-03 -3.684208E-07  6.482442E-04  5.246760E-06  1.150364E-16 -3.916036E-18  7.633099E-17  1.708943E-17 -1.591994E-16 -2.572422E-17 -7.413093E-06  9.313986E-07
     181    90-1  3.897114E+01 -6.750000E+01  0.000000E+00  7.292696E-03  5.589840E-03  1.172608E-15  9.169961E-16 -5.266986E-14  2.046102E-13  7.674671E-13 -2.886693E-12 -6.552507E-06 -3.589722E-06 -2.477625E-33  3.399129E-33 -9.481060E-29 -2.666310E-27 -3.972871E-17  3.642627E-18
     182    91-0  3.983717E+01 -6.800000E+01  0.000000E+00 -1.405885E-17 -3.806399E-17 -1.125920E-13 -3.464711E-13 -2.513980E-02 -7.736178E-02 -1.733514E-03 -5.485892E-03  3.468236E-18 -4.212805E-17  1.003217E-18 -2.137423E-17  3.078424E-18  9.848217E-17  9.840671E-06  6.240466E-05
     183    91-1  3.983717E+01 -6.800000E+01  0.000000E+00 -2.718093E-02  7.688402E-02 -4.593200E-15  1.278677E-14  2.569370E-14 -1.813857E-15 -3.627308E-13  1.961147E-14  2.859833E-05 -5.633220E-05  4.010986E-33 -1.888295E-33 -2.707445E-27  6.431515E-28 -8.430029E-17 -1.244941E-17
     184    92-0  3.983717E+01 -6.900000E+01  0.000000E+00 -3.187490E-17 -9.203807E-17  5.105193E-13  1.571165E-12 -5.089464E-03 -1.566162E-02 -3.509437E-04 -1.110599E-03 -1.065548E-17 -2.771410E-17 -2.059289E-18  3.677146E-17  1.254152E-18  9.953622E-17 -2.622751E-05 -1.663219E-04
     185    92-1  3.983717E+01 -6.900000E+01  0.000000E+00  5.502682E-03 -1.556490E-02  9.264404E-16 -2.610314E-15  1.163853E-13 -7.160767E-15 -1.645306E-12  8.947870E-14  7.622072E-05 -1.501375E-04 -1.041923E-33  8.628868E-34  6.297591E-28 -1.820437E-28 -2.312722E-17  2.371779E-17
     186    93-0  4.070319E+01 -6.950000E+01  0.000000E+00 -1.305121E-17  1.683493E-17 -1.895310E-13  1.377155E-13 -1.182340E-01  8.590932E-02 -8.411552E-03  6.007939E-03  1.214155E-16  7.500888E-19  1.434580E-17  1.925602E-18  1.129574E-16  6.918096E-18 -1.398710E-03  2.658380E-04
     187    93-1  4.070319E+01 -6.950000E+01  0.000000E+00  1.464665E-01  3.758895E-03  2.435735E-14  6.037349E-16 -6.091568E-15 -1.535404E-14  8.402324E-14  2.179797E-13  1.289137E-03  6.043058E-04 -1.749700E-33 -1.050289E-33 -2.413938E-29 -2.471492E-27  8.477601E-18 -4.166809E-18
     188    94-0  4.070319E+01 -7.050000E+01  0.000000E+00 -7.713491E-17  4.366489E-17  7.225321E-13 -5.249957E-13 -2.393455E-02  1.739094E-02 -1.702781E-03  1.216209E-03  1.446545E-16 -4.215752E-17  2.563071E-17 -3.262819E-18 -1.304290E-17 -6.044285E-18 -1.216699E-03  2.312451E-04
     189    94-1  4.070319E+01 -7.050000E+01  0.000000E+00 -2.964973E-02 -7.609267E-04 -4.955106E-15 -1.655166E-16 -2.315342E-14 -5.863919E-14  3.210241E-13  8.312936E-13 -1.121384E-03 -5.256688E-04 -7.155354E-34  1.172483E-33  2.156193E-28  3.318441E-27 -5.224864E-17  6.005937E-17
     190    95-0  4.156922E+01 -7.100000E+01  0.000000E+00  4.847254E-18 -7.821430E-18  1.514758E-13  1.100441E-13  2.124282E-01  1.543251E-01  1.493525E-02  1.103688E-02 -1.374293E-17 -6.347499E-17 -4.058785E-19 -3.737387E-19 -6.361968E-18  1.926114E-16  2.277532E-03  1.022156E-02
     191    95-1  4.156922E+01 -7.100000E+01  0.000000E+00 -7.489131E-02 -2.523453E-01 -1.243117E-14 -4.181302E-14 -1.033311E-14  8.366156E-15  1.451013E-13 -1.176052E-13  4.144870E-03 -9.617040E-03 -1.262079E-33  2.504012E-34  5.612688E-28 -1.331225E-28 -2.603317E-17  1.223529E-17
     192    96-0  4.156922E+01 -7.200000E+01  0.000000E+00  4.087867E-17  2.248514E-17 -3.638812E-13 -2.643464E-13  4.293617E-02  3.119232E-02  3.018726E-03  2.230784E-03 -4.625416E-18 -4.098223E-17  3.838593E-19 -6.947623E-18  1.309088E-17 -2.480196E-16 -1.491615E-03 -6.694366E-03
     193    96-1  4.156922E+01 -7.200000E+01  0.000000E+00  1.513709E-02  5.100424E-02  2.722314E-15  8.506318E-15 -2.428611E-14  2.025443E-14  3.482053E-13 -2.832219E-13  2.714584E-03 -6.298451E-03 -2.159081E-35  4.071488E-34 -1.335586E-27  1.063947E-28  7.400818E-18 -2.105811E-17
     194    97-0  4.243524E+01 -7.250000E+01  0.000000E+00  2.000740E-17  1.693069E-17  6.360515E-14 -1.957569E-13  1.455269E-01 -4.479470E-01  1.055012E-02 -3.159743E-02  1.828166E-16  1.342285E-17  8.315635E-19  2.589072E-20  1.931501E-17 -3.085808E-18 -5.618152E-02  1.438447E-02
     195    97-1  4.243524E+01 -7.250000E+01  0.000000E+00 -3.889879E-01  2.676429E-01 -6.450119E-14  4.434625E-14  1.220685E-14  7.902810E-15 -1.727510E-13 -1.116652E-13  5.395259E-02  2.126954E-02  2.784972E-35 -2.198302E-35  1.369327E-28  1.232040E-27 -7.963274E-18 -2.375427E-17
     196    98-0  4.243524E+01 -7.350000E+01  0.000000E+00 -2.055368E-17 -3.144677E-17 -5.156906E-14  1.587122E-13  2.830155E-02 -8.711512E-02  2.051749E-03 -6.144956E-03 -2.622456E-17  5.719908E-18 -1.164841E-18 -1.736848E-20  1.315227E-16  3.035321E-18 -1.135742E-01  2.907904E-02
     197    98-1  4.243524E+01 -7.350000E+01  0.000000E+00  7.564897E-02 -5.205023E-02  1.252249E-14 -8.701570E-15  1.008139E-14  6.219406E-15 -1.397477E-13 -9.025679E-14 -1.090683E-01 -4.299760E-02 -8.401914E-35  2.959375E-34 -6.677465E-29 -4.334797E-28  7.940193E-18  2.337597E-17
     198    99-0  4.330127E+01 -7.400000E+01  0.000000E+00  1.563846E-17 -1.340726E-17 -2.867577E-13  7.179994E-20 -8.129114E-01  3.267557E-05 -5.749336E-02 -4.653399E-04 -5.916525E-18 -2.274961E-17 -2.735431E-35 -5.960900E-20  1.012877E-31  2.754813E-18  2.759279E-01  9.521531E-01
     199    99-1  4.330127E+01 -7.400000E+01  0.000000E+00  6.467958E-01  4.957680E-01  1.071858E-13  8.215304E-14  4.972102E-15 -1.964963E-14 -7.372021E-14  2.768831E-13  3.344273E-01 -9.332149E-01  3.761118E-35  9.415575E-36 -7.164792E-29  1.514359E-30  3.009720E-18  5.565006E-19

