#------------------------------------------------------------------------
# Program: Diag Quadratic
#          (c) Amal Medhi <amedhi@iisertvm.ac.in>
#------------------------------------------------------------------------
# job_72176_diag.x_20260122172037_amedhi@isha.local
# Lattice: HONEYCOMB2 (Size = 1x100x1, Sites/unitcell = 100, Boundary = 0-1-0)
# No of sites = 10000
# Model: MKM
# lambda = 0.060000
# eta = 0.600000
# lambda_R = 0.840000
# t = 1.000000
# Results: WaveFunction
#------------------------------------------------------------------------
# wf_0:   psi(25,98,0)        cols: (6,7)
# wf_1:   psi(25,99,0)        cols: (8,9)
# wf_2:   psi(25,100,0)       cols: (10,11)
# wf_3:   psi(25,101,0)       cols: (12,13)
# wf_4:   psi(49,98,0)        cols: (14,15)
# wf_5:   psi(49,99,0)        cols: (16,17)
# wf_6:   psi(49,100,0)       cols: (18,19)
# wf_7:   psi(49,101,0)       cols: (20,21)
#------------------------------------------------------------------------
# basis   label   xcoord        ycoord        zcoord        Re[wf_1]      Im[wf_1]      Re[wf_2]      Im[wf_2]      Re[wf_3]      Im[wf_3]      Re[wf_4]      Im[wf_4]      Re[wf_5]      Im[wf_5]      Re[wf_6]      Im[wf_6]      Re[wf_7]      Im[wf_7]      Re[wf_8]      Im[wf_8]      
#------------------------------------------------------------------------
       0     0-0  0.000000E+00  0.000000E+00  0.000000E+00 -1.495747E-01  0.000000E+00  1.567319E-01  0.000000E+00 -9.853171E-02  0.000000E+00 -1.558460E-01  0.000000E+00 -2.330836E-02  0.000000E+00  7.025898E-03  0.000000E+00  2.533498E-02  0.000000E+00  4.880042E-02 -0.000000E+00
       1     0-1  0.000000E+00  0.000000E+00  0.000000E+00  1.750677E-01  1.326519E-03 -1.761742E-01  6.706693E-03  1.021319E-01 -5.194519E-02  1.111806E-01 -2.207813E-01  8.092518E-03 -1.174918E-03  2.314248E-02 -2.448627E-03 -9.856981E-03  2.076079E-03 -1.908114E-02  4.050520E-03
       2     1-0  8.660254E-01 -5.000000E-01  0.000000E+00  2.123993E-02  2.635419E-02 -1.741429E-02 -3.164029E-02 -2.171466E-03  3.430904E-02 -1.578389E-02  6.695180E-02  1.465856E-03  7.445477E-04 -2.891065E-03  6.171346E-03  1.047505E-03  5.313642E-03  2.120186E-03  1.047153E-02
       3     1-1  8.660254E-01 -5.000000E-01  0.000000E+00 -1.431756E-02  5.945391E-03  1.361626E-02 -1.573925E-03 -4.090176E-03 -1.318004E-02  4.269145E-04 -3.674445E-02 -4.037335E-03 -5.272566E-03 -1.500923E-03  3.376591E-04 -5.290924E-03 -6.613078E-03 -1.054053E-02 -1.316146E-02
       4     2-0  8.660254E-01 -1.500000E+00  0.000000E+00 -9.403654E-02  7.104886E-02  9.295361E-02 -6.964279E-02 -2.513685E-02  3.845583E-02  6.026450E-02  2.993383E-02 -5.777318E-03 -3.034428E-02  7.301453E-04 -9.337956E-03  6.689376E-03  3.169893E-02  1.279801E-02  6.055106E-02
       5     2-1  8.660254E-01 -1.500000E+00  0.000000E+00  1.580354E-01 -3.852490E-02 -1.619621E-01  2.872296E-02  6.434132E-02  1.865681E-02  1.701409E-02  1.532195E-01  3.306637E-03  9.998965E-03  1.648358E-04 -3.085949E-02 -5.628736E-03 -1.195551E-02 -1.085021E-02 -2.286186E-02
       6     3-0  1.732051E+00 -2.000000E+00  0.000000E+00  3.610963E-03 -3.596273E-02 -1.133669E-02  2.919007E-02  2.377545E-02  6.987066E-03  5.502667E-02  1.287140E-02 -2.023623E-03  3.449605E-03  1.244221E-02  7.799768E-03 -7.421021E-03  3.944644E-03 -1.450375E-02  7.865732E-03
       7     3-1  1.732051E+00 -2.000000E+00  0.000000E+00  9.350123E-03  2.062093E-03 -5.759230E-03  6.564269E-04 -7.123029E-03 -1.490894E-02 -2.351907E-02 -2.472201E-02  9.672888E-03 -1.070832E-02  2.076155E-03  2.616783E-03  1.011790E-02 -1.211119E-02  2.008797E-02 -2.406123E-02
       8     4-0  1.732051E+00 -3.000000E+00  0.000000E+00 -5.747061E-02  1.149438E-01  6.283230E-02 -1.171166E-01 -4.203421E-02  5.379567E-02 -8.216246E-02  3.553071E-02  3.565190E-02 -1.417281E-02 -1.111846E-02 -1.950677E-03 -3.591735E-02  1.596942E-02 -6.758122E-02  3.011592E-02
       9     4-1  1.732051E+00 -3.000000E+00  0.000000E+00  7.991214E-02 -1.648000E-01 -8.382539E-02  1.716763E-01  4.562031E-02 -1.095562E-01  3.394341E-02 -1.933773E-01 -1.154311E-02  6.061732E-03 -3.826815E-02 -4.465359E-03  1.308248E-02 -1.014418E-02  2.475008E-02 -1.931790E-02
      10     5-0  2.598076E+00 -3.500000E+00  0.000000E+00  9.519714E-03  1.242078E-02 -1.315549E-02 -1.458947E-02  3.038893E-02  2.226118E-02  4.311294E-02  3.351150E-02 -5.695825E-03 -2.864639E-03  1.396081E-02 -1.765225E-02 -7.650478E-03 -8.963199E-03 -1.502637E-02 -1.737984E-02
      11     5-1  2.598076E+00 -3.500000E+00  0.000000E+00 -7.143811E-03  8.556842E-03  1.142725E-02 -3.308066E-03 -2.468725E-02 -1.295061E-02 -4.020357E-02 -2.259754E-02  1.897247E-02  1.143107E-02  4.364752E-03 -3.300137E-03  2.031448E-02  1.064675E-02  4.003125E-02  2.091728E-02
      12     6-0  2.598076E+00 -4.500000E+00  0.000000E+00  3.564285E-02  1.106192E-01 -3.619056E-02 -1.123147E-01  2.823181E-02  5.037892E-02  6.656509E-02  1.885193E-02  2.459178E-02  3.859731E-02 -3.464981E-03  1.295515E-02 -2.711296E-02 -3.740771E-02 -5.014931E-02 -6.906556E-02
      13     6-1  2.598076E+00 -4.500000E+00  0.000000E+00  5.125895E-04 -1.217708E-01 -2.771718E-03  1.198168E-01 -4.824921E-03 -3.077230E-02 -1.062981E-02  8.833155E-02 -9.522653E-03 -1.197909E-02 -1.039921E-02  4.479093E-02  1.510584E-02  1.239771E-02  2.823663E-02  2.287034E-02
      14     7-0  3.464102E+00 -5.000000E+00  0.000000E+00 -1.486031E-02 -3.650349E-02 -2.509834E-03  3.524185E-02  4.602097E-02 -2.014694E-02  7.489595E-02 -3.855806E-02  2.580802E-03 -8.519833E-03 -2.145353E-02 -2.134291E-02  8.685127E-03 -1.211830E-02  1.646298E-02 -2.348148E-02
      15     7-1  3.464102E+00 -5.000000E+00  0.000000E+00  1.581668E-02 -1.005358E-03 -5.208968E-03 -1.647086E-03 -3.039053E-02  2.260835E-03 -5.175416E-02  1.206550E-02 -1.033126E-02  2.791105E-02 -4.315965E-03 -6.103141E-03 -8.208820E-03  2.892584E-02 -1.591180E-02  5.628873E-02
      16     8-0  3.464102E+00 -6.000000E+00  0.000000E+00  6.655339E-02  7.828412E-02 -6.506648E-02 -8.125286E-02  1.740679E-02  3.404625E-02 -3.680445E-02  1.919640E-02 -3.848296E-02  3.640016E-02  1.428615E-02  5.526954E-03  3.535929E-02 -3.928887E-02  6.367414E-02 -7.097799E-02
      17     8-1  3.464102E+00 -6.000000E+00  0.000000E+00 -8.887983E-02 -1.438962E-01  8.566828E-02  1.503796E-01 -3.192850E-02 -8.248019E-02 -1.599653E-02 -1.208177E-01  1.168675E-02 -1.316623E-02  5.030072E-02  1.771341E-02 -1.038798E-02  2.014156E-02 -1.871813E-02  3.678323E-02
      18     9-0  4.330127E+00 -6.500000E+00  0.000000E+00 -3.983849E-03  2.011318E-02 -3.296950E-04 -6.496828E-03  3.443190E-02 -2.953305E-02  3.781640E-02 -4.356661E-02  1.107230E-02  1.534660E-03 -2.949669E-02  2.374685E-02  1.652174E-02  7.241486E-03  3.134001E-02  1.341268E-02
      19     9-1  4.330127E+00 -6.500000E+00  0.000000E+00 -2.305639E-03  1.939232E-03  8.605922E-03 -5.547841E-03 -3.340156E-02  2.184225E-02 -4.272775E-02  3.426004E-02 -3.682419E-02 -6.091519E-03 -8.368445E-03  4.836486E-03 -3.702011E-02 -2.401271E-03 -7.088304E-02 -4.464467E-03
      20    10-0  4.330127E+00 -7.500000E+00  0.000000E+00  1.124737E-01  1.608140E-02 -1.143193E-01 -1.865929E-02  5.077760E-02  7.927265E-03  4.611789E-02 -4.124293E-03 -4.868669E-02 -3.505784E-02  7.724068E-03 -1.544472E-02  5.141164E-02  2.969388E-02  9.025677E-02  5.194708E-02
      21    10-1  4.330127E+00 -7.500000E+00  0.000000E+00 -1.197905E-01 -1.972360E-02  1.228216E-01  2.301226E-02 -4.930087E-02  4.145823E-03 -7.681480E-03  7.617291E-02  1.707059E-02  1.014765E-02  2.631875E-02 -5.442597E-02 -2.476628E-02 -6.495977E-03 -4.401255E-02 -1.110955E-02
      22    11-0  5.196152E+00 -8.000000E+00  0.000000E+00 -2.144877E-02 -1.880046E-02  1.035037E-02  3.045307E-02  1.402117E-02 -6.557942E-02  1.483021E-02 -9.046332E-02  5.744395E-04  1.368034E-02  2.434183E-02  3.832756E-02 -3.952896E-03  2.081191E-02 -6.850439E-03  3.864108E-02
      23    11-1  5.196152E+00 -8.000000E+00  0.000000E+00  1.423567E-02 -1.033181E-02 -7.179479E-03 -4.202301E-03 -1.613603E-02  4.197650E-02 -1.797793E-02  6.203090E-02 -1.128625E-03 -4.466914E-02  4.938829E-03  1.048253E-02 -6.292014E-03 -4.350480E-02 -1.195274E-02 -8.159655E-02
      24    12-0  5.196152E+00 -9.000000E+00  0.000000E+00  7.843180E-02 -3.594136E-02 -8.071947E-02  3.490163E-02  2.145193E-02 -9.096000E-03 -3.130038E-02  1.245994E-02  2.810381E-02 -6.062662E-02 -1.606711E-02 -1.039634E-02 -2.023460E-02  6.248255E-02 -3.411047E-02  1.061415E-01
      25    12-1  5.196152E+00 -9.000000E+00  0.000000E+00 -1.307225E-01  2.845943E-03  1.304861E-01  3.187427E-04 -4.545787E-02 -1.555075E-02 -1.064074E-02 -6.915773E-02 -7.641072E-03  2.057465E-02 -5.705023E-02 -3.584259E-02  1.318778E-03 -2.844559E-02  1.849540E-03 -4.888178E-02
      26    13-0  6.062178E+00 -9.500000E+00  0.000000E+00  3.004824E-03  3.480398E-02  1.145835E-02 -1.103715E-02 -2.465944E-02 -5.766201E-02 -4.115784E-02 -6.445859E-02 -1.549130E-02  3.488934E-03  4.734086E-02 -2.315960E-02 -2.408909E-02  5.580242E-04 -4.340848E-02  1.523079E-03
      27    13-1  6.062178E+00 -9.500000E+00  0.000000E+00 -8.433208E-03 -4.767920E-03  2.618099E-03 -6.188122E-03  7.607770E-03  5.027553E-02  1.772747E-02  6.071201E-02  5.076495E-02 -1.108330E-02  1.294040E-02 -4.601950E-03  4.758692E-02 -1.759811E-02  8.711017E-02 -3.245513E-02
      28    14-0  6.062178E+00 -1.050000E+01  0.000000E+00  6.040204E-02 -8.033604E-02 -6.263726E-02  7.938771E-02  2.526297E-02 -2.186216E-02  2.369598E-02  3.888580E-03  7.120278E-02  1.776836E-02 -1.304155E-02  1.632230E-02 -7.135094E-02 -7.427069E-03 -1.166357E-01 -1.187482E-02
      29    14-1  6.062178E+00 -1.050000E+01  0.000000E+00 -7.415209E-02  1.142345E-01  8.259947E-02 -1.110541E-01 -2.780608E-02  4.150828E-02  1.199414E-02  4.423177E-02 -2.376307E-02 -4.042172E-03 -4.614323E-02  5.794343E-02  3.084909E-02 -5.281526E-03  5.107509E-02 -9.368209E-03
      30    15-0  6.928203E+00 -1.100000E+01  0.000000E+00 -7.475749E-03 -8.294252E-03  1.677103E-02  1.527971E-02 -5.885267E-02 -4.952981E-02 -6.953380E-02 -5.242148E-02 -7.125206E-03 -1.681129E-02 -2.018715E-02 -5.639203E-02 -6.445226E-03 -2.635487E-02 -1.195583E-02 -4.605499E-02
      31    15-1  6.928203E+00 -1.100000E+01  0.000000E+00  3.174282E-03 -1.262811E-02 -1.200657E-02 -2.456861E-03  3.935551E-02  4.219620E-02  5.038311E-02  4.707405E-02  2.323036E-02  5.421860E-02 -3.714537E-03 -1.512369E-02  3.059773E-02  4.839869E-02  5.471028E-02  8.603443E-02
      32    16-0  6.928203E+00 -1.200000E+01  0.000000E+00 -1.192676E-02 -8.380147E-02  8.469698E-03  8.628283E-02 -3.558839E-03 -1.783023E-02 -1.393818E-02  2.742355E-02 -4.373661E-03  7.960331E-02  1.605549E-02  1.601693E-02 -8.249291E-03 -7.714900E-02 -1.325694E-02 -1.207710E-01
      33    16-1  6.928203E+00 -1.200000E+01  0.000000E+00 -2.546223E-02  8.715094E-02  2.563350E-02 -9.096356E-02 -1.132443E-02  1.210579E-02 -1.179449E-02 -6.467808E-02 -4.684307E-04 -2.601813E-02  5.702531E-02  5.678022E-02  1.260160E-02  3.149554E-02  2.065104E-02  4.982999E-02
      34    17-0  7.794229E+00 -1.250000E+01  0.000000E+00  2.187704E-02  3.092960E-02  1.222335E-02 -2.334327E-02 -8.124031E-02 -2.140047E-03 -8.812413E-02  8.713659E-03  1.696256E-02 -1.132192E-02 -6.500135E-02  1.539216E-02  2.685053E-02 -1.306361E-02  4.505274E-02 -2.279435E-02
      35    17-1  7.794229E+00 -1.250000E+01  0.000000E+00 -1.826325E-02  6.711637E-04 -3.090686E-03 -3.421826E-04  5.950011E-02  1.590413E-02  6.771870E-02  9.925061E-03 -5.456838E-02  3.686605E-02 -1.742421E-02  2.473216E-03 -4.554364E-02  4.449072E-02 -7.829765E-02  7.694376E-02
      36    18-0  7.794229E+00 -1.350000E+01  0.000000E+00 -3.701406E-02 -7.080467E-02  3.701202E-02  7.167873E-02  1.665076E-03 -1.363948E-02  3.757904E-02  1.289217E-02 -8.497252E-02  1.153346E-02  1.880951E-02 -1.528609E-02  7.900332E-02 -2.586076E-02  1.176736E-01 -3.891357E-02
      37    18-1  7.794229E+00 -1.350000E+01  0.000000E+00  5.398931E-02  1.216632E-01 -4.479622E-02 -1.216317E-01  4.519339E-03  3.229887E-02 -8.704207E-03  8.680545E-03  2.739769E-02 -5.639754E-03  6.756922E-02 -5.422407E-02 -3.028871E-02  2.044522E-02 -4.559604E-02  3.175868E-02
      38    19-0  8.660254E+00 -1.400000E+01  0.000000E+00  4.451163E-03 -2.022403E-02  8.999105E-03 -1.131151E-03 -7.633686E-02  3.815697E-02 -6.911384E-02  4.163545E-02  1.569105E-02  1.619841E-02  8.925757E-03  7.299190E-02  2.017229E-02  2.571429E-02  3.355424E-02  4.135002E-02
      39    19-1  8.660254E+00 -1.400000E+01  0.000000E+00 -3.385785E-03 -2.009400E-03 -1.251427E-02  5.788444E-03  6.474697E-02 -2.068456E-02  6.334877E-02 -2.546179E-02 -5.117291E-02 -5.130191E-02  6.385166E-04  1.935033E-02 -5.810391E-02 -3.865338E-02 -9.670662E-02 -6.385479E-02
      40    20-0  8.660254E+00 -1.500000E+01  0.000000E+00 -8.212526E-02 -2.460606E-02  8.033125E-02  2.928156E-02 -7.973412E-03 -3.804537E-03  2.380885E-02  1.416674E-02 -2.916216E-02 -8.671712E-02 -1.405196E-02 -2.173936E-02  4.442513E-02  7.646139E-02  6.307243E-02  1.077258E-01
      41    20-1  8.660254E+00 -1.500000E+01  0.000000E+00  7.784982E-02  2.864879E-02 -8.288515E-02 -3.844365E-02  4.178585E-03  1.617575E-04 -4.849194E-02 -4.515588E-02  1.137865E-02  2.750146E-02 -4.951657E-02 -7.805677E-02 -2.807369E-02 -2.696196E-02 -4.107579E-02 -3.815574E-02
      42    21-0  9.526279E+00 -1.550000E+01  0.000000E+00  2.493678E-02  1.009282E-02 -1.319303E-03 -3.043887E-02 -4.464995E-02  8.385458E-02 -3.423461E-02  8.027858E-02 -1.415766E-02  2.014923E-02  7.995173E-02 -8.206419E-04 -2.247938E-02  2.713128E-02 -3.415726E-02  4.289619E-02
      43    21-1  9.526279E+00 -1.550000E+01  0.000000E+00 -1.604335E-02  1.452472E-02 -2.313019E-05  9.033478E-03  4.497655E-02 -5.573890E-02  3.812710E-02 -5.617094E-02  4.432414E-02 -6.517380E-02  2.115797E-02  1.439919E-03  2.789758E-02 -7.039595E-02  4.402064E-02 -1.122418E-01
      44    22-0  9.526279E+00 -1.650000E+01  0.000000E+00 -6.223325E-02  1.218113E-02  6.582824E-02 -1.198868E-02  5.142787E-03 -5.060327E-03  5.231703E-02 -2.096984E-02  8.437726E-02 -4.766977E-02 -2.434785E-02  1.225436E-02 -6.919124E-02  6.271907E-02 -9.146448E-02  8.353836E-02
      45    22-1  9.526279E+00 -1.650000E+01  0.000000E+00  1.052557E-01  1.810019E-02 -1.000210E-01 -1.817646E-02  3.410810E-03  1.371133E-02 -4.271899E-02  2.979913E-02 -2.633123E-02  1.715654E-02 -8.803542E-02  4.298815E-02  2.170236E-02 -3.510928E-02  2.864007E-02 -4.826636E-02
      46    23-0  1.039230E+01 -1.700000E+01  0.000000E+00 -7.279468E-03 -3.614897E-02 -9.601590E-03 -4.362462E-03  6.816173E-03  9.491166E-02  1.261954E-02  7.402483E-02 -2.414959E-02 -1.101428E-02  8.636867E-03 -8.569780E-02 -3.348845E-02 -1.748482E-02 -5.012401E-02 -2.492897E-02
      47    23-1  1.039230E+01 -1.700000E+01  0.000000E+00  5.846504E-03  8.443311E-03 -2.553495E-03  1.189275E-02  8.931005E-03 -7.562814E-02  2.812196E-03 -6.371869E-02  7.795940E-02  3.364451E-02  4.065810E-03 -2.252060E-02  8.022692E-02  1.353065E-02  1.218433E-01  2.002880E-02
      48    24-0  1.039230E+01 -1.800000E+01  0.000000E+00 -5.697845E-02  5.423547E-02  5.710119E-02 -5.037068E-02  1.273856E-03 -7.521546E-03  2.386526E-02 -3.521230E-02  6.598422E-02  7.773363E-02  1.008861E-02  2.688142E-02 -7.954751E-02 -5.733642E-02 -9.869260E-02 -7.055691E-02
      49    24-1  1.039230E+01 -1.800000E+01  0.000000E+00  6.233791E-02 -7.637414E-02 -7.479115E-02  6.687919E-02 -4.981189E-03  1.515586E-03 -5.474495E-02  2.150233E-02 -2.294796E-02 -2.383347E-02  3.468600E-02  9.709091E-02  4.089471E-02  1.453571E-02  5.235060E-02  1.734407E-02
      50    25-0  1.125833E+01 -1.850000E+01  0.000000E+00  5.833004E-03  8.484462E-04 -1.814191E-02 -1.988714E-02  6.115326E-02  8.333621E-02  4.802963E-02  5.827733E-02  6.798395E-03 -2.766010E-02 -8.992724E-02 -1.934204E-02  1.061954E-02 -3.869648E-02  1.359377E-02 -5.451627E-02
      51    25-1  1.125833E+01 -1.850000E+01  0.000000E+00 -1.061262E-04  1.842329E-02  1.187069E-02  9.733416E-03 -3.598295E-02 -7.137126E-02 -3.046864E-02 -5.322853E-02 -1.959028E-02  8.853454E-02 -2.355201E-02 -6.806133E-03  3.696787E-03  8.666074E-02  5.837612E-03  1.246145E-01
      52    26-0  1.125833E+01 -1.950000E+01  0.000000E+00 -2.257855E-03  6.039904E-02  7.744046E-03 -6.351433E-02  3.153556E-03 -1.766983E-02  1.236423E-02 -6.135715E-02 -6.686665E-02  8.315012E-02  2.898294E-02 -7.377311E-03  4.122052E-02 -9.370210E-02  4.664928E-02 -1.073277E-01
      53    26-1  1.125833E+01 -1.950000E+01  0.000000E+00  3.876415E-02 -5.922438E-02 -3.612327E-02  6.497305E-02 -1.751944E-04  2.258347E-02 -1.304308E-02  7.949464E-02  1.993053E-02 -2.810494E-02  1.050186E-01 -2.483507E-02 -5.920769E-03  4.505104E-02 -5.766815E-03  5.328398E-02
      54    27-0  1.212436E+01 -2.000000E+01  0.000000E+00 -3.023467E-02 -2.846413E-02 -2.154400E-02  1.146676E-02  9.875777E-02  3.490453E-02  6.413612E-02  1.640049E-02  3.015538E-02  1.585632E-03 -3.091374E-02  9.248065E-02  4.229210E-02  2.429943E-03  5.562633E-02  1.859328E-03
      55    27-1  1.212436E+01 -2.000000E+01  0.000000E+00  2.096622E-02  1.719029E-03  1.005892E-02  4.412942E-03 -7.106118E-02 -4.225243E-02 -4.926068E-02 -2.553896E-02 -9.611204E-02 -2.709122E-03 -9.971020E-03  2.410266E-02 -8.889798E-02  2.296699E-02 -1.202027E-01  3.166830E-02
      56    28-0  1.212436E+01 -2.100000E+01  0.000000E+00  1.672141E-02  6.091987E-02 -1.721225E-02 -5.934294E-02 -1.280920E-02 -1.984996E-02 -3.214437E-02 -5.146890E-02 -9.807397E-02 -5.199587E-02 -4.427062E-03 -3.080675E-02  1.041245E-01  2.160165E-02  1.089442E-01  2.210043E-02
      57    28-1  1.212436E+01 -2.100000E+01  0.000000E+00 -3.161713E-02 -9.867830E-02  1.650694E-02  9.473878E-02  7.440632E-03  1.924085E-02  1.256538E-02  6.111961E-02  3.264239E-02  1.497253E-02 -1.355577E-02 -1.114882E-01 -4.712838E-02  3.841174E-03 -5.091777E-02  5.561455E-03
      58    29-0  1.299038E+01 -2.150000E+01  0.000000E+00 -7.957971E-03  1.853292E-02 -1.817892E-02  4.215554E-03  1.060326E-01 -2.231825E-02  5.662709E-02 -1.411535E-02  4.210953E-03  3.162097E-02  9.319135E-02  4.318085E-02  6.870412E-03  4.392905E-02  9.913616E-03  5.353012E-02
      59    29-1  1.299038E+01 -2.150000E+01  0.000000E+00  1.045575E-02  3.630648E-03  1.804883E-02 -3.843062E-03 -8.583508E-02  3.508126E-03 -4.983712E-02  3.377152E-03 -1.630133E-02 -9.994392E-02  2.415861E-02  1.310977E-02 -4.310152E-02 -8.642027E-02 -5.503075E-02 -1.090120E-01
      60    30-0  1.299038E+01 -2.250000E+01  0.000000E+00  5.782830E-02  2.643570E-02 -5.371534E-02 -3.270943E-02 -2.408007E-02 -1.673281E-02 -5.185100E-02 -3.757948E-02  3.376062E-02 -1.099054E-01 -3.212556E-02  1.022118E-03  6.093469E-04  1.099443E-01  1.088407E-03  1.037648E-01
      61    30-1  1.299038E+01 -2.250000E+01  0.000000E+00 -4.555235E-02 -3.027923E-02  5.256054E-02  4.303392E-02  2.774221E-02  2.541594E-02  6.469431E-02  6.284847E-02 -8.786928E-03  3.597770E-02 -1.163257E-01  1.181603E-03 -1.410062E-02 -4.690858E-02 -1.522075E-02 -4.567350E-02
      62    31-0  1.385641E+01 -2.300000E+01  0.000000E+00 -3.184999E-02 -1.277994E-03 -1.019533E-02  3.098840E-02  7.745154E-02 -8.020510E-02  3.336746E-02 -3.854586E-02 -3.172975E-02  1.062289E-02  5.571457E-02 -9.195138E-02 -4.330651E-02  1.659087E-02 -4.827727E-02  2.016479E-02
      63    31-1  1.385641E+01 -2.300000E+01  0.000000E+00  1.995771E-02 -1.812394E-02  8.474373E-03 -1.268318E-02 -7.139817E-02  5.059855E-02 -3.468492E-02  2.575957E-02  9.955560E-02 -3.646887E-02  1.649343E-02 -2.373748E-02  7.900350E-02 -6.294396E-02  9.214081E-02 -7.421394E-02
      64    32-0  1.385641E+01 -2.400000E+01  0.000000E+00  4.722451E-02  3.056900E-03 -5.078877E-02 -2.003780E-03 -3.821983E-02  9.567236E-04 -7.060351E-02  4.005754E-03  1.178004E-01  1.277580E-02 -2.469874E-03  3.299862E-02 -1.105545E-01  2.419496E-02 -9.262974E-02  2.075206E-02
      65    32-1  1.385641E+01 -2.400000E+01  0.000000E+00 -8.336923E-02 -2.831347E-02  7.254493E-02  2.772072E-02  4.063451E-02  2.899311E-03  7.683912E-02  7.756202E-03 -3.813285E-02 -2.099543E-03 -1.210207E-02  1.193188E-01  4.424350E-02 -2.438109E-02  3.817148E-02 -2.282377E-02
      66    33-0  1.472243E+01 -2.450000E+01  0.000000E+00  8.541211E-03  3.957380E-02  5.377596E-03  1.798138E-02  2.284323E-02 -1.091921E-01  7.366723E-03 -3.827843E-02 -1.694400E-02 -3.044613E-02 -8.874185E-02 -6.829471E-02 -2.630615E-02 -4.036485E-02 -2.851373E-02 -4.068695E-02
      67    33-1  1.472243E+01 -2.450000E+01  0.000000E+00 -1.126449E-03 -1.288823E-02  5.566490E-03 -1.758927E-02 -3.342190E-02  8.299719E-02 -1.343479E-02  3.259308E-02  5.687411E-02  9.465774E-02 -2.272553E-02 -1.970936E-02  8.117232E-02  6.673940E-02  8.752781E-02  7.115891E-02
      68    34-0  1.472243E+01 -2.550000E+01  0.000000E+00  5.003914E-02 -3.540104E-02 -4.875030E-02  2.886727E-02 -3.538239E-02  2.253041E-02 -5.520010E-02  3.518332E-02  9.873392E-03  1.212122E-01  3.333930E-02  6.267021E-03 -4.789037E-02 -1.056705E-01 -3.542140E-02 -7.707297E-02
      69    34-1  1.472243E+01 -2.550000E+01  0.000000E+00 -4.785799E-02  4.895113E-02  6.390469E-02 -3.569874E-02  4.746851E-02 -1.771333E-02  8.347303E-02 -2.714925E-02 -5.362230E-03 -3.876277E-02  1.203492E-01  2.589413E-02  3.397793E-02  3.917865E-02  2.745056E-02  2.920502E-02
      70    35-0  1.558846E+01 -2.600000E+01  0.000000E+00 -5.428295E-03  1.001792E-02  1.693829E-02  2.799114E-02 -4.147880E-02 -1.065607E-01 -1.050969E-02 -2.845956E-02  2.777683E-02 -2.330881E-02 -8.049405E-02  8.352738E-02  3.507472E-02 -3.530152E-02  3.126897E-02 -3.394508E-02
      71    35-1  1.558846E+01 -2.600000E+01  0.000000E+00 -1.551362E-03 -2.606210E-02 -1.035652E-02 -1.861984E-02  1.766596E-02  8.861190E-02  4.019298E-03  2.714782E-02 -8.520674E-02  7.633812E-02 -2.295912E-02  2.128186E-02 -5.006901E-02  9.661852E-02 -4.815048E-02  9.423983E-02
      72    36-0  1.558846E+01 -2.700000E+01  0.000000E+00  9.809886E-03 -4.092432E-02 -1.592524E-02  4.465159E-02 -2.182313E-02  4.537019E-02 -3.000189E-02  6.470363E-02 -1.197642E-01  3.331965E-02  9.989652E-03 -3.312028E-02  9.532939E-02 -7.030884E-02  5.891772E-02 -4.394186E-02
      73    36-1  1.558846E+01 -2.700000E+01  0.000000E+00 -4.429521E-02  3.804006E-02  3.828942E-02 -4.301800E-02  3.165191E-02 -5.038458E-02  4.542623E-02 -7.439082E-02  3.785962E-02 -1.260378E-02  3.996260E-02 -1.193427E-01 -3.189778E-02  4.239160E-02 -1.985259E-02  2.915841E-02
      74    37-0  1.645448E+01 -2.750000E+01  0.000000E+00  3.931671E-02  2.966800E-02  3.041838E-02  1.623628E-03 -9.198609E-02 -6.573227E-02 -1.388633E-02 -1.156921E-02  2.887019E-02  2.362539E-02  7.643286E-02  9.206932E-02  4.310244E-02  2.769065E-02  3.641700E-02  2.128829E-02
      75    37-1  1.645448E+01 -2.750000E+01  0.000000E+00 -2.353908E-02 -6.576795E-03 -1.564350E-02 -1.082696E-02  6.300019E-02  6.533201E-02  1.140775E-02  1.461358E-02 -9.392968E-02 -7.147847E-02  1.922730E-02  2.591069E-02 -1.081560E-01 -2.971279E-02 -9.400471E-02 -2.520798E-02
      76    38-0  1.645448E+01 -2.850000E+01  0.000000E+00 -3.685310E-03 -5.056677E-02  4.068562E-03  4.631786E-02  7.978232E-03  5.421768E-02  1.079126E-02  6.473385E-02 -5.625141E-02 -1.133423E-01 -3.239138E-02 -1.382941E-02  9.016707E-02  7.993164E-02  4.602492E-02  4.037052E-02
      77    38-1  1.645448E+01 -2.850000E+01  0.000000E+00  1.876792E-02  7.698770E-02  2.279271E-03 -7.085511E-02  2.978991E-03 -6.406526E-02  7.143821E-03 -8.145480E-02  1.999023E-02  3.543913E-02 -1.162553E-01 -5.388520E-02 -4.901906E-02 -2.272907E-02 -2.776498E-02 -1.097314E-02
      78    39-0  1.732051E+01 -2.900000E+01  0.000000E+00  1.431889E-02 -1.414669E-02  2.801113E-02 -2.856863E-03 -1.134289E-01 -6.375296E-03 -6.982072E-03 -3.348771E-03 -1.839803E-02  3.384657E-02  1.026417E-01 -6.750647E-02 -1.847615E-02  4.911510E-02 -1.144108E-02  3.569435E-02
      79    39-1  1.732051E+01 -2.900000E+01  0.000000E+00 -1.883642E-02 -7.405494E-03 -2.488345E-02 -8.150027E-04  8.864591E-02  2.029400E-02  8.358046E-03  5.151281E-03  5.387537E-02 -1.085343E-01  2.868065E-02 -1.682665E-02  6.690050E-03 -1.149434E-01  4.553682E-03 -8.742405E-02
      80    40-0  1.732051E+01 -3.000000E+01  0.000000E+00 -3.902560E-02 -2.413118E-02  3.357556E-02  3.165815E-02  3.864575E-02  4.684680E-02  4.093464E-02  5.071818E-02  1.021509E-01 -7.775743E-02 -1.743874E-02  3.105474E-02 -6.017677E-02  1.062562E-01 -2.346039E-02  4.194030E-02
      81    40-1  1.732051E+01 -3.000000E+01  0.000000E+00  2.161097E-02  2.784152E-02 -3.054478E-02 -4.102968E-02 -3.822855E-02 -6.401802E-02 -4.380739E-02 -7.356368E-02 -3.142692E-02  2.642156E-02 -6.740899E-02  1.111560E-01  1.213981E-02 -5.349778E-02  3.654230E-03 -2.385911E-02
      82    41-0  1.818653E+01 -3.050000E+01  0.000000E+00  4.259982E-02 -6.819156E-03  2.480222E-02 -3.109244E-02 -9.678119E-02  5.675686E-02  2.053744E-03 -5.562720E-03 -3.743209E-02 -1.190203E-02 -5.699849E-02 -1.119753E-01 -5.298369E-02 -7.952781E-03 -3.222857E-02 -2.992801E-03
      83    41-1  1.818653E+01 -3.050000E+01  0.000000E+00 -2.627057E-02  2.056799E-02 -1.861161E-02  1.472067E-02  8.449337E-02 -3.069136E-02  1.622342E-03  3.317766E-03  1.194289E-01  3.321397E-02 -1.387036E-02 -3.104604E-02  1.163495E-01 -1.781111E-02  7.556418E-02 -1.207171E-02
      84    42-0  1.818653E+01 -3.150000E+01  0.000000E+00 -3.433295E-02 -1.208349E-02  3.698977E-02  9.429546E-03  6.346924E-02  1.883518E-02  5.887894E-02  1.671249E-02  9.657501E-02  8.653581E-02  2.928033E-02  2.096198E-02 -1.176208E-01 -3.706891E-02 -3.271989E-02 -1.016433E-02
      85    42-1  1.818653E+01 -3.150000E+01  0.000000E+00  6.577815E-02  3.096442E-02 -4.874141E-02 -3.138326E-02 -7.034064E-02 -3.436918E-02 -6.670260E-02 -3.426877E-02 -3.233361E-02 -2.624803E-02  1.040840E-01  8.013805E-02  5.546260E-02  6.733125E-04  1.796260E-02 -1.552392E-03
      86    43-0  1.905256E+01 -3.200000E+01  0.000000E+00 -5.948591E-03 -4.459111E-02  1.831293E-03 -3.029733E-02 -5.055750E-02  9.761533E-02  3.064662E-03 -1.617678E-02  4.925197E-03 -3.989492E-02 -1.197797E-01  4.503985E-02 -3.390425E-03 -5.436369E-02 -3.546817E-03 -2.653881E-02
      87    43-1  1.905256E+01 -3.200000E+01  0.000000E+00 -6.340543E-03  1.778314E-02 -1.195973E-02  2.290787E-02  5.381650E-02 -7.103506E-02 -2.296058E-03  1.003025E-02 -1.024861E-02  1.258241E-01 -3.303571E-02  1.068808E-02  4.243833E-02  1.121144E-01  2.319559E-02  6.014452E-02
      88    44-0  1.905256E+01 -3.300000E+01  0.000000E+00 -4.151362E-02  2.251565E-02  3.929569E-02 -1.351562E-02  6.752704E-02 -1.887141E-02  5.348395E-02 -1.344085E-02 -6.726270E-02  1.119727E-01  2.412067E-02 -2.691959E-02  1.180675E-02 -1.235388E-01  1.849669E-03 -1.989825E-02
      89    44-1  1.905256E+01 -3.300000E+01  0.000000E+00  3.293121E-02 -2.981891E-02 -5.226071E-02  1.451203E-02 -8.589941E-02  8.257375E-03 -7.411836E-02  4.764716E-03  1.973049E-02 -3.670624E-02  9.182759E-02 -9.524167E-02  1.103769E-02  5.481103E-02  3.969126E-03  1.102458E-02
      90    45-0  1.991858E+01 -3.350000E+01  0.000000E+00  7.292311E-03 -2.444965E-02 -1.231274E-02 -3.944296E-02  1.131303E-02  1.078399E-01 -8.507828E-03 -2.694501E-02  4.064418E-02 -2.845953E-03  3.197554E-02  1.258570E-01  5.314674E-02 -1.488012E-02  1.946147E-02 -7.343370E-03
      91    45-1  1.991858E+01 -3.350000E+01  0.000000E+00  1.084438E-03  3.564260E-02  6.639936E-03  2.922321E-02  6.078947E-03 -8.678940E-02  3.927451E-03  1.835861E-02 -1.273810E-01  1.381446E-02  7.071567E-03  3.455049E-02 -1.022785E-01  6.583303E-02 -4.314769E-02  2.816455E-02
      92    46-0  1.991858E+01 -3.450000E+01  0.000000E+00 -1.295262E-02  2.535372E-02  1.868948E-02 -2.976447E-02  4.976122E-02 -5.654517E-02  3.446064E-02 -3.759864E-02 -1.230035E-01 -4.505503E-02 -2.423709E-02 -2.699842E-02  1.236450E-01 -1.424444E-02  5.401450E-03 -5.347415E-04
      93    46-1  1.991858E+01 -3.450000E+01  0.000000E+00  4.494737E-02 -2.312978E-02 -3.500475E-02  2.527598E-02 -7.031905E-02  5.817891E-02 -5.056610E-02  4.059367E-02  4.001048E-02  1.267244E-02 -8.474921E-02 -1.021520E-01 -5.149392E-02  2.236824E-02 -3.985829E-03  3.619083E-03
      94    47-0  2.078461E+01 -3.500000E+01  0.000000E+00 -4.834551E-02 -3.525418E-02 -3.854387E-02 -1.713924E-02  6.494305E-02  8.104987E-02 -2.834539E-02 -2.483472E-02  1.033941E-02  3.995129E-02  1.300353E-01 -1.800691E-02  2.593640E-02  4.931129E-02  8.370382E-03  1.198723E-02
      95    47-1  2.078461E+01 -3.500000E+01  0.000000E+00  2.539899E-02  1.441353E-02  1.945583E-02  1.992998E-02 -4.060822E-02 -7.452456E-02  1.715517E-02  2.128088E-02 -3.805116E-02 -1.238241E-01  3.553844E-02 -3.373261E-03 -8.664966E-02 -8.726358E-02 -2.682417E-02 -2.671341E-02
      96    48-0  2.078461E+01 -3.600000E+01  0.000000E+00 -3.834680E-03  4.090554E-02  3.921305E-03 -3.379018E-02  1.131067E-02 -7.754889E-02  7.889952E-03 -4.174723E-02  2.109208E-02 -1.293003E-01 -2.941449E-02  2.105487E-02  3.968753E-02  1.178894E-01 -3.125318E-03 -8.637761E-03
      97    48-1  2.078461E+01 -3.600000E+01  0.000000E+00 -1.294557E-02 -5.771626E-02 -1.424216E-02  5.041647E-02 -3.078174E-02  9.081441E-02 -2.148574E-02  5.311277E-02 -4.785122E-03  4.147434E-02 -1.109031E-01  7.291847E-02 -3.267893E-02 -4.572092E-02 -4.669729E-04  2.205350E-03
      98    49-0  2.165064E+01 -3.650000E+01  0.000000E+00 -2.328853E-02  5.935848E-03 -3.835250E-02 -3.481513E-03  9.613238E-02  3.252264E-02 -4.808339E-02 -9.507970E-03 -3.756911E-02  1.799671E-02 -3.533877E-03 -1.321799E-01 -4.305210E-02  3.588980E-02 -5.019593E-03  6.481774E-03
      99    49-1  2.165064E+01 -3.650000E+01  0.000000E+00  2.834209E-02  1.413867E-02  3.262843E-02  8.991865E-03 -7.248806E-02 -3.869833E-02  3.426612E-02  1.155107E-02  1.152865E-01 -6.110795E-02  5.875153E-04 -3.602656E-02  6.778294E-02 -1.037110E-01  1.288749E-02 -1.989305E-02
     100    50-0  2.165064E+01 -3.750000E+01  0.000000E+00  2.494837E-02  1.951293E-02 -1.889120E-02 -2.808186E-02 -3.373509E-02 -7.492679E-02 -1.233496E-02 -3.399181E-02  1.304280E-01 -3.699116E-03  1.769959E-02  3.138444E-02 -1.066036E-01  6.313613E-02  2.021270E-02 -1.238013E-02
     101    50-1  2.165064E+01 -3.750000E+01  0.000000E+00 -4.650758E-03 -2.357881E-02  1.548466E-02  3.525991E-02  2.598304E-02  9.810218E-02  1.060972E-02  4.785236E-02 -4.155798E-02  2.873016E-03  5.993844E-02  1.178618E-01  3.775629E-02 -4.142492E-02 -6.606681E-03  4.854017E-03
     102    51-0  2.251666E+01 -3.800000E+01  0.000000E+00 -5.767687E-02  1.311995E-02 -4.328063E-02  2.952028E-02  9.267916E-02 -2.460377E-02 -5.260533E-02  2.269983E-02 -2.461744E-02 -3.371943E-02 -1.322547E-01 -1.119361E-02 -4.423296E-02 -3.466642E-02 -2.216458E-03  4.110346E-04
     103    51-1  2.251666E+01 -3.800000E+01  0.000000E+00  3.528558E-02 -2.104508E-02  3.079420E-02 -1.445235E-02 -7.813404E-02  6.069053E-03  4.155502E-02 -8.846612E-03  8.211815E-02  1.020786E-01 -3.589546E-02 -4.476144E-03  1.160215E-01  4.485569E-02  8.555935E-03  3.342828E-03
     104    52-0  2.251666E+01 -3.900000E+01  0.000000E+00  2.393150E-02  1.673744E-02 -2.507818E-02 -1.211686E-02 -7.162445E-02 -4.552884E-02 -2.166925E-02 -1.666192E-02  2.796739E-02  1.264837E-01  3.284455E-02 -1.398555E-02 -8.335132E-02 -9.041932E-02  2.602629E-02  2.749135E-02
     105    52-1  2.251666E+01 -3.900000E+01  0.000000E+00 -5.261193E-02 -2.849792E-02  2.849572E-02  3.110270E-02  7.649820E-02  7.024747E-02  2.547913E-02  2.776758E-02 -1.070914E-02 -3.985378E-02  1.228799E-01 -4.619483E-02  4.811762E-02  2.808905E-02 -1.177165E-02 -8.670945E-03
     106    53-0  2.338269E+01 -3.950000E+01  0.000000E+00 -1.563974E-03  5.052531E-02 -1.284671E-02  4.122099E-02  6.277688E-02 -6.624665E-02 -3.942169E-02  5.148501E-02  2.855603E-02 -3.075682E-02 -2.576584E-02  1.302059E-01  2.462077E-02 -5.045572E-02 -3.718754E-03  3.893001E-03
     107    53-1  2.338269E+01 -3.950000E+01  0.000000E+00  1.732452E-02 -2.259298E-02  2.228559E-02 -2.717669E-02 -5.976410E-02  4.584525E-02  3.679733E-02 -3.531502E-02 -8.478265E-02  9.985853E-02 -8.425435E-03  3.528970E-02 -1.969164E-02  1.228952E-01  6.712112E-04 -5.386194E-03
     108    54-0  2.338269E+01 -4.050000E+01  0.000000E+00  3.264806E-02 -1.434137E-02 -2.981879E-02  2.987374E-03 -8.700174E-02  2.276524E-04 -1.844397E-02 -3.504802E-03 -1.176246E-01  5.080565E-02 -1.026381E-02 -3.374015E-02  7.028618E-02 -9.927104E-02 -2.924705E-02  4.242140E-02
     109    54-1  2.338269E+01 -4.050000E+01  0.000000E+00 -1.894124E-02  1.709364E-02  4.131125E-02 -8.549395E-04  1.068347E-01  1.854081E-02  2.713329E-02  7.886781E-03  3.676083E-02 -1.756958E-02 -3.192460E-02 -1.258700E-01 -1.721296E-02  5.243765E-02  7.833338E-03 -1.926947E-02
     110    55-0  2.424871E+01 -4.100000E+01  0.000000E+00 -1.276863E-02  4.255108E-02  2.841395E-03  5.416370E-02  1.401634E-02 -8.514949E-02 -3.061301E-03  7.420823E-02  3.526715E-02  2.220064E-02  1.261360E-01  3.991228E-02  5.427003E-02  1.344778E-02 -1.092065E-02 -4.246746E-03
     111    55-1  2.424871E+01 -4.100000E+01  0.000000E+00  2.485431E-03 -4.716098E-02  3.324225E-04 -4.155373E-02 -2.337060E-02  6.610481E-02  1.220902E-02 -5.377852E-02 -1.137372E-01 -6.423408E-02  3.403982E-02  1.215572E-02 -1.239397E-01  6.338825E-03  1.993868E-02 -1.345709E-03
     112    56-0  2.424871E+01 -4.200000E+01  0.000000E+00  1.333111E-02 -1.336877E-02 -1.792200E-02  1.861740E-02 -7.449394E-02  4.891675E-02 -9.974874E-03  2.525801E-03 -7.097075E-02 -1.044025E-01 -3.413370E-02  6.362673E-03  1.101306E-01  4.734874E-02 -5.953850E-02 -2.470965E-02
     113    56-1  2.424871E+01 -4.200000E+01  0.000000E+00 -4.281852E-02  1.379589E-02  2.814621E-02 -1.136102E-02  1.007948E-01 -4.387732E-02  1.610213E-02 -3.435360E-03  2.396034E-02  3.227637E-02 -1.267596E-01  1.754342E-02 -5.416089E-02 -5.788227E-03  2.644059E-02  4.217036E-03
     114    57-0  2.511474E+01 -4.250000E+01  0.000000E+00  5.623186E-02  4.608186E-02  4.524137E-02  3.624710E-02 -2.956018E-02 -7.249305E-02  3.579159E-02  6.589801E-02 -1.518240E-02  3.878035E-02  5.325950E-02 -1.200792E-01 -1.776992E-03  5.543822E-02  2.006296E-03 -1.791758E-02
     115    57-1  2.511474E+01 -4.250000E+01  0.000000E+00 -2.566784E-02 -2.580551E-02 -2.069168E-02 -3.207824E-02  1.452353E-02  6.459238E-02 -1.806026E-02 -5.847960E-02  4.133399E-02 -1.229092E-01  1.573721E-02 -3.238954E-02 -3.183771E-02 -1.191432E-01  9.333357E-03  3.296655E-02
     116    58-0  2.511474E+01 -4.350000E+01  0.000000E+00  7.278903E-03 -3.256075E-02 -8.045787E-03  2.232388E-02 -3.630495E-02  8.223770E-02 -3.354148E-03 -1.545720E-03  8.751288E-02 -8.779476E-02  2.616694E-03  3.390275E-02 -2.293260E-02  1.154493E-01  1.397940E-02 -7.523462E-02
     117    58-1  2.511474E+01 -4.350000E+01  0.000000E+00  1.215392E-02  4.139478E-02  2.160294E-02 -3.339466E-02  6.313791E-02 -9.274451E-02  5.514088E-03 -2.180952E-03 -2.669299E-02  2.881499E-02  3.310247E-03  1.256039E-01 -5.604860E-03 -5.328324E-02  2.176555E-03  3.229396E-02
     118    59-0  2.598076E+01 -4.400000E+01  0.000000E+00  3.442749E-02  7.545360E-03  4.860758E-02  1.592865E-02 -6.130177E-02 -4.244789E-02  7.455033E-02  4.210642E-02 -4.036981E-02 -7.485209E-03 -1.122644E-01 -6.554650E-02 -5.398175E-02  9.765094E-03  2.394391E-02 -3.049495E-03
     119    59-1  2.598076E+01 -4.400000E+01  0.000000E+00 -3.856285E-02 -2.486399E-02 -4.068428E-02 -2.177950E-02  4.414136E-02  4.170918E-02 -5.164489E-02 -3.975908E-02  1.272125E-01  1.726297E-02 -3.013920E-02 -1.897722E-02  1.088104E-01 -5.542497E-02 -4.252036E-02  2.239192E-02
     120    60-0  2.598076E+01 -4.500000E+01  0.000000E+00 -1.478306E-02 -1.382436E-02  8.677540E-03  2.333561E-02  1.428565E-02  8.981016E-02 -5.341868E-03 -8.237541E-03  1.003954E-01  6.784541E-02  3.323378E-02  1.109861E-03 -1.151267E-01  1.606751E-03  8.751127E-02 -2.340652E-03
     121    60-1  2.598076E+01 -4.500000E+01  0.000000E+00 -6.618343E-03  1.900939E-02 -6.189446E-03 -2.746772E-02  1.268467E-03 -1.136009E-01  3.508234E-03  6.903324E-03 -3.269765E-02 -2.037011E-02  1.224122E-01  1.037723E-02  4.988321E-02 -1.628883E-02 -3.597236E-02  1.053446E-02
     122    61-0  2.684679E+01 -4.550000E+01  0.000000E+00  7.757984E-02 -1.614650E-02  6.646083E-02 -2.466983E-02 -6.412055E-02 -1.336839E-03  8.126926E-02 -9.012579E-03 -8.832374E-05 -4.068825E-02 -7.647867E-02  1.028101E-01 -2.054183E-02 -4.997512E-02  1.026725E-02  2.803369E-02
     123    61-1  2.684679E+01 -4.550000E+01  0.000000E+00 -4.724114E-02  1.840799E-02 -4.521111E-02  1.085603E-02  5.355827E-02  1.160689E-02 -6.496460E-02 -9.301779E-03  6.965106E-03  1.263416E-01 -2.187353E-02  2.760440E-02  7.587118E-02  9.360946E-02 -3.919331E-02 -4.703144E-02
     124    62-0  2.684679E+01 -4.650000E+01  0.000000E+00 -1.605620E-02 -1.842663E-02  1.523562E-02  1.139377E-02  6.094661E-02  6.725180E-02 -1.487171E-02 -1.106913E-02 -4.645889E-02  1.085059E-01  4.541013E-03 -3.194421E-02 -2.490681E-02 -1.093628E-01  2.282187E-02  9.461231E-02
     125    62-1  2.684679E+01 -4.650000E+01  0.000000E+00  4.368721E-02  2.274691E-02 -1.120257E-02 -2.832696E-02 -5.939635E-02 -9.619899E-02  1.188507E-02  1.361697E-02  1.346296E-02 -3.479073E-02  2.326544E-02 -1.173774E-01  2.575990E-02  4.428341E-02 -2.036024E-02 -3.694387E-02
     126    63-0  2.771281E+01 -4.700000E+01  0.000000E+00  1.530689E-02 -5.634546E-02  2.862627E-02 -4.997164E-02 -5.239942E-02  2.819133E-02  7.332797E-02 -4.712266E-02  3.915095E-02 -7.707716E-03  9.204576E-02  8.583277E-02  4.375908E-02 -2.999432E-02 -2.965129E-02  1.910861E-02
     127    63-1  2.771281E+01 -4.700000E+01  0.000000E+00 -3.273418E-02  2.644820E-02 -3.727969E-02  2.928484E-02  4.673529E-02 -1.872207E-02 -6.399756E-02  3.147992E-02 -1.206183E-01  3.008111E-02  2.457719E-02  2.434559E-02 -7.445070E-02  9.213099E-02  4.541824E-02 -5.778726E-02
     128    64-0  2.771281E+01 -4.800000E+01  0.000000E+00 -2.419847E-02  9.801723E-03  2.094532E-02  3.905080E-03  8.722301E-02  2.358607E-02 -2.723297E-02 -3.394778E-03 -1.117724E-01 -2.438497E-02 -3.032993E-02 -7.754599E-03  9.873566E-02 -4.575275E-02 -9.542773E-02  4.575108E-02
     129    64-1  2.771281E+01 -4.800000E+01  0.000000E+00  6.711958E-03 -9.207315E-03 -3.192203E-02 -7.168933E-03 -1.035295E-01 -4.855224E-02  2.869341E-02  9.853331E-03  3.565934E-02  6.577551E-03 -1.105874E-01 -3.502193E-02 -3.681623E-02  3.348131E-02  3.472524E-02 -3.040025E-02
     130    65-0  2.857884E+01 -4.850000E+01  0.000000E+00  2.362715E-02 -6.425230E-02  1.354891E-02 -7.193495E-02 -2.086599E-02  4.616960E-02  2.522510E-02 -8.407451E-02  1.445272E-02  3.636516E-02  9.342749E-02 -8.016069E-02  3.763969E-02  3.567519E-02 -2.850126E-02 -2.818058E-02
     131    65-1  2.857884E+01 -4.850000E+01  0.000000E+00 -1.045514E-02  6.039735E-02 -1.188541E-02  5.539538E-02  2.485924E-02 -3.378685E-02 -3.390635E-02  5.599354E-02 -5.119164E-02 -1.103145E-01  2.631364E-02 -2.140974E-02 -1.034522E-01 -5.251085E-02  7.615225E-02  3.735978E-02
     132    66-0  2.857884E+01 -4.950000E+01  0.000000E+00 -1.212105E-02  4.522762E-03  1.490985E-02 -1.086575E-02  8.505722E-02 -2.776375E-02 -3.227595E-02  1.417976E-02  2.791665E-03 -1.103946E-01 -1.057348E-02  2.816222E-02  6.308909E-02  8.404082E-02 -6.892194E-02 -8.929991E-02
     133    66-1  2.857884E+01 -4.950000E+01  0.000000E+00  3.940277E-02 -9.298376E-03 -1.875827E-02  6.131227E-04 -1.104813E-01  1.544715E-02  3.809915E-02 -8.243859E-03  2.758059E-04  3.484235E-02 -4.542365E-02  1.023522E-01 -3.916358E-02 -2.806330E-02  3.995261E-02  2.953386E-02
     134    67-0  2.944486E+01 -5.000000E+01  0.000000E+00 -6.139960E-02 -6.310443E-02 -4.933024E-02 -5.998110E-02  1.596342E-04  4.073750E-02 -9.518797E-03 -7.664073E-02 -3.213710E-02  2.063321E-02 -6.754702E-02 -9.910007E-02 -2.631143E-02  4.312347E-02  2.378210E-02 -3.758189E-02
     135    67-1  2.944486E+01 -5.000000E+01  0.000000E+00  2.305894E-02  4.132534E-02  1.803411E-02  4.752142E-02  3.525255E-03 -3.806893E-02 -2.383260E-03  7.067688E-02  9.617617E-02 -6.921202E-02 -1.790984E-02 -2.782530E-02  2.905427E-02 -1.093780E-01 -2.308868E-02  9.207513E-02
     136    68-0  2.944486E+01 -5.100000E+01  0.000000E+00 -7.785652E-03  2.581029E-02  9.334141E-03 -1.206449E-02  5.528627E-02 -6.783318E-02 -2.495622E-02  3.526735E-02  1.045916E-01 -1.737486E-02  2.581831E-02  1.299677E-02 -6.637192E-02  7.614632E-02  7.652108E-02 -9.023393E-02
     137    68-1  2.944486E+01 -5.100000E+01  0.000000E+00 -1.484422E-02 -2.820823E-02 -2.614447E-02  1.951134E-02 -8.523292E-02  7.188148E-02  3.776940E-02 -3.424388E-02 -3.284149E-02  6.407743E-03  9.282603E-02  5.424481E-02  1.848742E-02 -4.253147E-02 -2.137961E-02  4.775171E-02
     138    69-0  3.031089E+01 -5.150000E+01  0.000000E+00 -4.691940E-02 -2.811438E-02 -5.750177E-02 -3.616732E-02  2.349242E-02  2.938888E-02 -6.431762E-02 -6.323391E-02 -2.538780E-02 -2.696413E-02 -1.028052E-01  5.444409E-02 -4.624001E-02 -1.615869E-02  4.527384E-02  1.637129E-02
     139    69-1  3.031089E+01 -5.150000E+01  0.000000E+00  4.872571E-02  4.085050E-02  4.807893E-02  4.054209E-02 -1.507527E-02 -2.515101E-02  3.876035E-02  5.097430E-02  8.357340E-02  7.895859E-02 -2.872348E-02  1.442423E-02  1.098101E-01  5.464725E-03 -1.037041E-01 -3.713004E-03
     140    70-0  3.031089E+01 -5.250000E+01  0.000000E+00  7.772403E-03  7.879972E-03 -2.089597E-03 -1.833475E-02  9.273522E-03 -8.540474E-02 -2.231732E-03  4.990153E-02  3.511055E-02  9.498300E-02  1.498078E-02 -2.304519E-02 -8.443225E-02 -4.687643E-02  1.075850E-01  5.777082E-02
     141    70-1  3.031089E+01 -5.250000E+01  0.000000E+00  1.331286E-02 -1.515144E-02  1.777725E-03  1.857643E-02 -2.939955E-02  1.042914E-01  1.281116E-02 -5.693632E-02 -1.193197E-02 -2.958455E-02  6.131272E-02 -8.240124E-02  4.358273E-02  8.803946E-03 -5.326220E-02 -1.126460E-02
     142    71-0  3.117691E+01 -5.300000E+01  0.000000E+00 -1.026875E-01  1.386830E-02 -9.507518E-02  1.444387E-02  1.869682E-02  8.717939E-03 -6.139206E-02 -1.115843E-02  2.101199E-02 -2.912385E-02  4.126082E-02  1.044553E-01  5.918971E-03 -4.691274E-02 -6.847745E-03  5.076079E-02
     143    71-1  3.117691E+01 -5.300000E+01  0.000000E+00  6.219243E-02 -1.108775E-02  6.173687E-02 -2.530862E-03 -1.894345E-02 -1.411532E-02  5.219354E-02  3.095389E-02 -5.967274E-02  9.360148E-02  1.080251E-02  2.918836E-02  1.698164E-02  1.049770E-01 -1.933739E-02 -1.094684E-01
     144    72-0  3.117691E+01 -5.400000E+01  0.000000E+00  1.056418E-02  1.819163E-02 -7.379785E-03 -8.136017E-03 -3.737712E-02 -7.374220E-02  2.666352E-02  4.866118E-02 -8.227379E-02  4.975830E-02 -2.025977E-02 -1.642866E-02  2.687098E-02 -8.779683E-02 -3.469894E-02  1.193632E-01
     145    72-1  3.117691E+01 -5.400000E+01  0.000000E+00 -3.869643E-02 -1.506414E-02 -4.028884E-03  2.407070E-02  2.818295E-02  1.008818E-01 -1.786907E-02 -6.374256E-02  2.545079E-02 -1.625173E-02 -7.128039E-02 -6.653898E-02  5.596334E-04  4.235815E-02 -4.515495E-04 -5.565557E-02
     146    73-0  3.204294E+01 -5.450000E+01  0.000000E+00 -3.681180E-02  6.045724E-02 -5.013219E-02  5.489218E-02  2.254412E-02  1.344186E-03 -7.917414E-02  1.486527E-02  3.119909E-02  1.461953E-02  1.041488E-01 -2.826143E-02  4.526858E-02 -3.925197E-03 -5.341281E-02  4.417040E-03
     147    73-1  3.204294E+01 -5.450000E+01  0.000000E+00  5.356417E-02 -2.800039E-02  5.776429E-02 -2.751958E-02 -1.784192E-02  1.957927E-03  6.105702E-02 -1.377006E-02 -9.917759E-02 -3.935603E-02  2.899252E-02 -7.339583E-03 -9.543127E-02  3.704170E-02  1.084734E-01 -4.391928E-02
     148    74-0  3.204294E+01 -5.550000E+01  0.000000E+00  1.658889E-02 -8.014838E-03 -1.300021E-02 -8.163775E-03 -6.878939E-02 -4.070195E-02  5.391421E-02  2.923819E-02 -6.070642E-02 -6.735633E-02 -1.745421E-02  1.721544E-02  8.641289E-02  7.520773E-03 -1.244269E-01 -8.988126E-03
     149    74-1  3.204294E+01 -5.550000E+01  0.000000E+00  3.273310E-03  4.901963E-03  2.462016E-02  1.088460E-02  7.903427E-02  6.662004E-02 -5.936498E-02 -4.667860E-02  1.955577E-02  2.070920E-02 -6.981396E-02  5.989186E-02 -3.912775E-02  8.900044E-03  5.484271E-02 -1.221032E-02
     150    75-0  3.290897E+01 -5.600000E+01  0.000000E+00 -4.216355E-02  8.911374E-02 -3.965593E-02  9.216263E-02  1.847193E-03 -4.867969E-03 -2.023942E-02  5.522432E-02 -8.208473E-03  3.205096E-02 -1.582202E-02 -1.018795E-01  1.271530E-02  4.149681E-02 -1.601420E-02 -5.277260E-02
     151    75-1  3.290897E+01 -5.600000E+01  0.000000E+00  2.447810E-02 -7.475863E-02  2.962213E-02 -7.014471E-02 -7.590193E-03  7.650661E-04  3.465494E-02 -2.466763E-02  1.906356E-02 -1.001649E-01 -3.954212E-03 -2.843862E-02 -5.376705E-02 -8.200229E-02  6.803770E-02  1.004459E-01
     152    76-0  3.290897E+01 -5.700000E+01  0.000000E+00  1.013656E-02  1.649598E-03 -1.046555E-02  6.199210E-03 -7.605758E-02  3.823967E-03  6.363731E-02 -4.274779E-03  5.122537E-02 -6.771692E-02  1.431496E-02  1.785470E-02  9.974020E-03  8.074625E-02 -1.694012E-02 -1.223109E-01
     153    76-1  3.290897E+01 -5.700000E+01  0.000000E+00 -3.576812E-02  8.965492E-03  7.186639E-03  7.718408E-03  9.423826E-02  1.318458E-02 -7.429512E-02 -1.091621E-02 -1.557610E-02  2.149191E-02  4.846554E-02  7.120253E-02 -1.598865E-02 -3.422803E-02  2.365301E-02  5.073860E-02
     154    77-0  3.377499E+01 -5.750000E+01  0.000000E+00  6.158557E-02  8.725588E-02  4.900873E-02  8.906590E-02  1.345086E-02  4.325321E-03 -2.881021E-02  4.339207E-02 -3.136754E-02 -1.938521E-03 -9.788017E-02  4.205957E-03 -3.603356E-02  2.013049E-02  4.897542E-02 -2.740990E-02
     155    77-1  3.377499E+01 -5.750000E+01  0.000000E+00 -1.575174E-02 -6.142671E-02 -9.544052E-03 -6.622686E-02 -5.394776E-03  4.790779E-03  1.976283E-02 -5.278481E-02  9.691186E-02 -1.451466E-04 -2.724478E-02  8.422698E-04  6.571387E-02 -6.635357E-02 -8.582541E-02  8.932194E-02
     156    78-0  3.377499E+01 -5.850000E+01  0.000000E+00  6.218437E-03 -2.072891E-02 -8.558205E-03  2.891607E-03 -5.863784E-02  4.112565E-02  5.528052E-02 -3.940703E-02  7.070163E-02  3.483581E-02  1.790949E-02 -1.135707E-02 -7.155942E-02  2.476114E-02  1.133195E-01 -4.116716E-02
     157    78-1  3.377499E+01 -5.850000E+01  0.000000E+00  1.983162E-02  1.817731E-02  2.928127E-02 -8.418585E-03  8.666788E-02 -3.890870E-02 -7.947120E-02  3.606921E-02 -2.225346E-02 -1.054582E-02  7.066301E-02 -3.741245E-02  2.809766E-02 -2.125912E-02 -4.374654E-02  3.306118E-02
     158    79-0  3.464102E+01 -5.900000E+01  0.000000E+00  5.932992E-02  5.797679E-02  6.278252E-02  6.637934E-02 -1.196640E-04  4.180002E-03  4.625761E-02  4.744213E-02 -3.664944E-03 -2.953595E-02 -6.291455E-03  9.222347E-02 -2.569570E-02 -2.923714E-02  3.710443E-02  4.202787E-02
     159    79-1  3.464102E+01 -5.900000E+01  0.000000E+00 -5.751746E-02 -6.357482E-02 -5.328372E-02 -6.686826E-02 -3.259623E-03 -8.211252E-03 -1.470978E-02 -2.347722E-02  1.739930E-02  8.981956E-02 -1.981826E-03  2.580949E-02  7.442462E-02  4.775889E-02 -1.060957E-01 -6.577739E-02
     160    80-0  3.464102E+01 -6.000000E+01  0.000000E+00 -3.269636E-03 -2.193332E-03 -1.513186E-03  1.370487E-02 -2.499265E-02  6.320908E-02  2.400024E-02 -6.391680E-02 -1.921477E-02  6.986663E-02 -8.668114E-03 -1.731204E-02 -3.604935E-02 -5.975444E-02  6.138796E-02  9.829101E-02
     161    80-1  3.464102E+01 -6.000000E+01  0.000000E+00 -1.634713E-02  1.271202E-02 -1.786197E-03 -8.892293E-03  4.320505E-02 -7.359752E-02 -4.003724E-02  7.005179E-02  5.661069E-03 -2.183002E-02 -2.696910E-02 -6.841165E-02  2.479823E-02  2.128834E-02 -4.048797E-02 -3.458953E-02
     162    81-0  3.550704E+01 -6.050000E+01  0.000000E+00  1.330571E-01 -3.548090E-03  1.295618E-01  3.836931E-03  3.192175E-02  6.681554E-03 -8.478360E-03  8.901263E-03  2.661531E-02 -8.606148E-03  8.525097E-02  1.543113E-02  2.176305E-02 -2.935613E-02 -3.290196E-02  4.477805E-02
     163    81-1  3.550704E+01 -6.050000E+01  0.000000E+00 -7.984001E-02 -2.985756E-03 -7.972349E-02 -1.232457E-02 -1.372059E-02  7.439025E-04 -1.375179E-02 -3.727305E-02 -7.960759E-02  3.187446E-02  2.382300E-02  4.463956E-03 -2.932490E-02  7.778402E-02  4.187792E-02 -1.166515E-01
     164    82-0  3.550704E+01 -6.150000E+01  0.000000E+00 -7.244225E-03 -1.677850E-02  1.306279E-03  2.821890E-03  1.186609E-02  6.043509E-02 -1.147763E-02 -6.747291E-02 -6.565219E-02 -5.157940E-03 -1.649420E-02  6.136869E-03  4.645885E-02 -4.353415E-02 -7.889984E-02  7.632614E-02
     165    82-1  3.550704E+01 -6.150000E+01  0.000000E+00  3.733010E-02  6.458228E-03  1.825111E-02 -1.900568E-02  3.329092E-03 -8.120028E-02 -6.687555E-03  8.830101E-02  2.033996E-02  1.483405E-03 -6.447277E-02  1.747445E-02 -1.423679E-02  2.624734E-02  2.392676E-02 -4.446170E-02
     166    83-0  3.637307E+01 -6.200000E+01  0.000000E+00  6.774453E-02 -6.045073E-02  7.810872E-02 -5.320220E-02  1.284006E-02 -1.048454E-02  6.493188E-02  1.030602E-02  1.242441E-02  2.286475E-02  2.303912E-02 -7.710433E-02  3.090823E-02  1.398039E-02 -4.929163E-02 -2.190499E-02
     167    83-1  3.637307E+01 -6.200000E+01  0.000000E+00 -8.079145E-02  2.525224E-02 -8.450405E-02  1.937859E-02 -1.755048E-02 -4.750056E-03 -2.709622E-02  1.456430E-02 -4.306436E-02 -6.709156E-02  6.472146E-03 -2.173550E-02 -7.670937E-02 -1.164872E-02  1.203970E-01  1.630785E-02
     168    84-0  3.637307E+01 -6.300000E+01  0.000000E+00 -1.003758E-02  8.294111E-03  6.143738E-03  1.060417E-02  3.945356E-02  4.210454E-02 -4.821871E-02 -4.928875E-02 -6.531535E-03 -5.862291E-02  3.948587E-03  1.506428E-02  4.700003E-02  3.270552E-02 -8.462288E-02 -5.686919E-02
     169    84-1  3.637307E+01 -6.300000E+01  0.000000E+00 -1.070229E-02 -3.184723E-03 -1.981591E-02 -1.104839E-02 -4.545917E-02 -6.205081E-02  5.400453E-02  6.831158E-02  2.092808E-03  1.813859E-02  9.153720E-03  5.919283E-02 -2.604448E-02 -7.602967E-03  4.573780E-02  1.311706E-02
     170    85-0  3.723909E+01 -6.350000E+01  0.000000E+00  7.126971E-02 -1.160546E-01  7.906219E-02 -1.135996E-01  4.328455E-02 -2.495123E-02 -4.449556E-02 -1.097518E-02 -1.867843E-02  1.523610E-02 -6.819311E-02 -2.891950E-02 -6.638900E-03  3.058571E-02  1.065726E-02 -5.082176E-02
     171    85-1  3.723909E+01 -6.350000E+01  0.000000E+00 -4.657288E-02  8.906881E-02 -5.537745E-02  8.461189E-02 -2.351186E-02  2.373529E-02 -4.431742E-03 -2.360043E-02  5.317762E-02 -5.057363E-02 -1.924763E-02 -8.125793E-03 -4.268424E-03 -7.160935E-02  8.920476E-03  1.168988E-01
     172    86-0  3.723909E+01 -6.450000E+01  0.000000E+00 -7.929892E-03 -5.564969E-03  5.035889E-03 -4.448272E-03  4.964997E-02  1.097212E-02 -6.110311E-02 -1.632852E-02  4.962769E-02 -1.539521E-02  1.356859E-02 -2.127275E-03 -1.968274E-02  4.676322E-02  3.464838E-02 -8.626127E-02
     173    86-1  3.723909E+01 -6.450000E+01  0.000000E+00  3.271633E-02 -1.224697E-02  6.825446E-03 -1.437100E-02 -5.587282E-02 -2.848199E-02  6.538679E-02  3.966667E-02 -1.519692E-02  4.605067E-03  5.265527E-02 -2.224110E-03  1.621436E-03 -2.404094E-02 -2.620699E-03  4.335606E-02
     174    87-0  3.810512E+01 -6.500000E+01  0.000000E+00 -5.361978E-02 -1.192535E-01 -4.175389E-02 -1.236258E-01 -1.245800E-02 -4.640089E-02  6.938386E-02  9.049699E-03 -1.679436E-02 -1.412982E-02 -3.304743E-02  5.871361E-02 -2.847608E-02  6.111886E-05  4.891292E-02 -6.123820E-04
     175    87-1  3.810512E+01 -6.500000E+01  0.000000E+00  1.261214E-03  8.626551E-02 -7.451521E-03  8.762552E-02 -1.051828E-02  2.079154E-02 -1.173783E-02  3.157828E-02  5.434859E-02  3.887984E-02 -9.163159E-03  1.680097E-02  6.331529E-02 -1.745515E-02 -1.069704E-01  3.141449E-02
     176    88-0  3.810512E+01 -6.600000E+01  0.000000E+00 -3.209641E-03  1.729448E-02  6.265339E-03  5.472640E-03  4.296677E-02 -1.327611E-02 -6.160167E-02  1.939775E-02  2.104860E-02  3.941526E-02 -6.588776E-04 -1.156898E-02 -4.318444E-02 -8.207375E-03  8.126807E-02  1.401307E-02
     177    88-1  3.810512E+01 -6.600000E+01  0.000000E+00 -2.619453E-02 -1.128509E-02 -3.216364E-02 -1.401728E-04 -6.637399E-02  9.578486E-03  9.009888E-02 -1.690382E-02 -6.247302E-03 -1.218413E-02  3.113962E-03 -4.529713E-02  2.096619E-02 -3.029827E-03 -3.880201E-02  5.870740E-03
     178    89-0  3.897114E+01 -6.650000E+01  0.000000E+00 -6.929896E-02 -9.968165E-02 -6.083711E-02 -1.091492E-01  7.452453E-03 -4.891037E-02 -7.597641E-02  9.428795E-03  9.845335E-03 -1.724672E-02  4.909120E-02  3.528338E-02 -5.395772E-03 -2.502902E-02  9.992605E-03  4.427950E-02
     179    89-1  3.897114E+01 -6.650000E+01  0.000000E+00  6.286539E-02  9.464087E-02  5.400870E-02  1.024702E-01  4.493969E-03  5.119581E-02  3.064089E-03 -4.620045E-02 -2.506338E-02  5.450938E-02  1.415538E-02  9.890687E-03  2.739418E-02  5.267297E-02 -4.964722E-02 -9.154199E-02
     180    90-0  3.897114E+01 -6.750000E+01  0.000000E+00  7.598955E-04 -2.915330E-03  2.526616E-03 -9.922533E-03  2.403940E-02 -3.185679E-02 -3.326974E-02  4.350328E-02 -2.902986E-02  2.346049E-02 -9.662046E-03 -2.595010E-04 -7.638396E-04 -3.709004E-02  2.669905E-03  7.097330E-02
     181    90-1  3.897114E+01 -6.750000E+01  0.000000E+00  1.644792E-02 -1.224244E-02  6.265033E-03 -1.751237E-03 -3.178209E-02  3.236751E-02  4.268665E-02 -3.880695E-02  8.875147E-03 -6.795789E-03 -3.725168E-02 -6.802982E-03  6.504695E-03  1.682545E-02 -1.261558E-02 -3.166928E-02
     182    91-0  3.983717E+01 -6.800000E+01  0.000000E+00 -1.681286E-01 -1.839825E-02 -1.698044E-01 -3.345951E-02 -8.014587E-02 -3.740388E-02  1.211532E-01  1.321768E-02  1.666002E-02  5.689785E-03  3.576199E-02 -3.956017E-02  2.058072E-02 -9.488238E-03 -3.724498E-02  1.778164E-02
     183    91-1  3.983717E+01 -6.800000E+01  0.000000E+00  9.929035E-02  2.644206E-02  9.771379E-02  3.588441E-02  3.279836E-02  1.965735E-02 -1.834611E-02  3.723560E-02 -5.142936E-02 -1.268583E-02  9.920325E-03 -1.167169E-02 -4.081226E-02  3.358950E-02  7.256604E-02 -6.185822E-02
     184    92-0  3.983717E+01 -6.900000E+01  0.000000E+00  5.890855E-03  1.471313E-02  3.216507E-03  4.415917E-03  4.299807E-03 -3.016964E-02 -1.087377E-02  5.201760E-02 -2.275285E-02 -1.918513E-02 -8.824603E-04  7.422746E-03  2.926018E-02 -6.923225E-03 -5.667324E-02  1.448276E-02
     185    92-1  3.983717E+01 -6.900000E+01  0.000000E+00 -3.934675E-02  2.273085E-03 -3.261906E-02  1.357515E-02 -2.319673E-02  4.456165E-02  3.682787E-02 -7.576170E-02  6.446998E-03  6.138756E-03 -8.676347E-03  2.899129E-02 -1.249007E-02  8.141416E-03  2.389043E-02 -1.586370E-02
     186    93-0  4.070319E+01 -6.950000E+01  0.000000E+00 -1.097273E-01  5.280442E-02 -1.127299E-01  4.069048E-02 -3.037808E-02 -6.883765E-03 -8.806413E-02  1.265558E-02 -2.375980E-03  1.511735E-02 -3.050359E-02 -3.440788E-02  1.171843E-02  1.563868E-02 -2.214872E-02 -2.880615E-02
     187    93-1  4.070319E+01 -6.950000E+01  0.000000E+00  1.151994E-01 -1.536608E-02  1.179936E-01 -1.363194E-03  4.836594E-02  3.155641E-02 -2.037565E-02 -6.611459E-02  2.357069E-03 -4.570506E-02 -9.224542E-03 -9.733955E-03 -3.617369E-02 -2.873871E-02  6.777483E-02  5.188041E-02
     188    94-0  4.070319E+01 -7.050000E+01  0.000000E+00  4.655352E-03 -1.012824E-02 -4.933967E-04 -1.188621E-02 -1.126080E-02 -2.550241E-02  2.351487E-02  3.967400E-02  1.086685E-02 -1.930118E-02  5.410323E-03  8.187642E-04  9.739123E-03  2.076490E-02 -1.989791E-02 -4.054758E-02
     189    94-1  4.070319E+01 -7.050000E+01  0.000000E+00  1.530673E-02  3.256499E-03  1.801287E-02  7.839397E-03  2.016678E-02  3.181741E-02 -3.449277E-02 -4.233196E-02 -3.542106E-03  5.301138E-03  2.068992E-02  8.856267E-03 -8.616550E-03 -8.038895E-03  1.699416E-02  1.546122E-02
     190    95-0  4.156922E+01 -7.100000E+01  0.000000E+00 -1.144497E-01  1.429903E-01 -1.361548E-01  1.340199E-01 -1.123766E-01  3.814815E-02  1.925467E-01 -3.837545E-02 -1.303119E-02  4.197267E-04 -3.150505E-02  2.217707E-02 -1.071210E-02  1.262167E-02  1.993783E-02 -2.425347E-02
     191    95-1  4.156922E+01 -7.100000E+01  0.000000E+00  7.908048E-02 -1.012977E-01  9.109004E-02 -9.678219E-02  5.650110E-02 -3.832068E-02 -3.363445E-02  8.295676E-02  3.800424E-02 -5.253957E-03 -8.841903E-03  7.017555E-03  1.754021E-02 -3.517697E-02 -3.181589E-02  6.679774E-02
     192    96-0  4.156922E+01 -7.200000E+01  0.000000E+00  5.880907E-03  7.555922E-03  1.207116E-03  5.669435E-03 -1.439607E-02 -8.109687E-03  2.525561E-02  2.294512E-02  1.369589E-02  4.544815E-03  5.766861E-04 -3.290199E-03 -1.254626E-02  9.573105E-03  2.456170E-02 -1.947286E-02
     193    96-1  4.156922E+01 -7.200000E+01  0.000000E+00 -3.091885E-02  1.871848E-02 -2.407671E-02  2.002231E-02  5.372087E-03  2.419156E-02 -1.413171E-02 -5.471656E-02 -3.461707E-03 -2.002852E-03  7.215602E-03 -1.278984E-02  4.268563E-03 -7.239554E-03 -8.230117E-03  1.430013E-02
     194    97-0  4.243524E+01 -7.250000E+01  0.000000E+00  3.314510E-02  1.592506E-01  2.421555E-02  1.626971E-01  1.428691E-02  6.545049E-02 -1.535698E-01 -1.349086E-02 -2.054884E-03 -1.032911E-02  1.486361E-02  2.704457E-02 -1.169524E-02 -6.151289E-03  2.258007E-02  1.142507E-02
     195    97-1  4.243524E+01 -7.250000E+01  0.000000E+00  2.373007E-02 -1.154456E-01  3.650668E-02 -1.102622E-01  4.005947E-02 -2.249335E-02 -3.130993E-02 -5.956116E-02  9.939709E-03  2.924645E-02  5.095569E-03  7.859116E-03  3.137254E-02  8.082912E-03 -6.020793E-02 -1.432567E-02
     196    98-0  4.243524E+01 -7.350000E+01  0.000000E+00 -7.860889E-04 -1.548297E-02 -2.833096E-03 -1.341094E-02 -1.287509E-02 -4.967414E-03  3.672496E-02 -1.270653E-03 -9.117824E-04  6.577893E-03 -1.480248E-03  4.191021E-04 -6.372937E-03 -5.577844E-03  1.289061E-02  1.087010E-02
     197    98-1  4.243524E+01 -7.350000E+01  0.000000E+00  3.292508E-02  7.849665E-03  3.553337E-02  6.461038E-03  3.437740E-02  1.411070E-04 -6.657166E-02  1.731730E-02  9.079750E-04 -1.370644E-03 -5.484512E-03 -4.045231E-03  5.262191E-03  1.281173E-03 -1.041454E-02 -2.384406E-03
     198    99-0  4.330127E+01 -7.400000E+01  0.000000E+00  7.644830E-02  1.574995E-01  4.960616E-02  1.691791E-01 -5.869703E-02  9.840673E-02  2.181698E-01 -1.162216E-01  7.619311E-03 -2.969069E-03  2.150841E-02 -8.885866E-03  2.509412E-03 -9.755666E-03 -4.531921E-03  1.897257E-02
     199    99-1  4.330127E+01 -7.400000E+01  0.000000E+00 -6.429278E-02 -1.350520E-01 -4.978921E-02 -1.486134E-01  6.627326E-03 -9.830858E-02  3.579064E-03  1.558048E-01 -2.027644E-02  1.149547E-02  6.175240E-03 -3.351069E-03 -1.118984E-03  2.531026E-02  1.234508E-03 -4.878480E-02

